0,1.090153958,-0.135758131
0,1.083165956,-0.130874096
0,1.10972789,-0.191386387
0,1.071506961,-0.192430983
0,1.068266647,-0.221880454
0,1.097495354,-0.219659327
0,1.101303289,-0.226591608
0,1.11367769,-0.209229339
0,1.111799016,-0.239955437
0,1.056480816,-0.223033895
0,1.121920002,-0.220341424
0,1.083398533,-0.233233389
0,1.097549925,-0.260175125
0,1.095928055,-0.261229445
0,1.107044089,-0.248269186
0,1.045173737,-0.289359854
0,1.053084892,-0.276109069
0,1.023668284,-0.288560572
0,1.125744638,-0.277947318
0,1.13834571,-0.297479947
0,1.081866257,-0.358078099
0,1.179066002,-0.300293778
0,1.133967959,-0.298929701
0,1.092379682,-0.330532786
0,1.030264307,-0.357076545
0,1.095275288,-0.352655758
0,1.13182702,-0.325039495
0,1.096814879,-0.380182291
0,1.137453624,-0.352945802
0,1.126024872,-0.346030681
0,1.114415245,-0.340789223
0,1.126838321,-0.366724859
0,1.090057604,-0.372763407
0,1.151505922,-0.392041833
0,1.138032298,-0.36653467
0,1.22791755,-0.412927403
0,1.123880999,-0.41004526
0,1.086010912,-0.3973955
0,1.143762535,-0.419522766
0,1.134651409,-0.417446987
0,1.128933776,-0.445693574
0,1.118421122,-0.453290258
0,1.162967358,-0.432232373
0,1.15384151,-0.458147488
0,1.081009844,-0.441265033
0,1.166783485,-0.414075959
0,1.09535029,-0.445083949
0,1.156755417,-0.45819537
0,1.150681831,-0.40681147
0,1.121260751,-0.464662214
0,1.171253628,-0.535539766
0,1.173164197,-0.438012847
0,1.153394976,-0.495988287
0,1.120313678,-0.483635765
0,1.197096627,-0.535907636
0,1.127457023,-0.521635802
0,1.172881834,-0.475419151
0,1.188861702,-0.516907219
0,1.148692659,-0.517990369
0,1.192166006,-0.546828171
0,1.184900065,-0.522407382
0,1.219798023,-0.489142875
0,1.126103007,-0.508287529
0,1.164515476,-0.585766173
0,1.16780852,-0.565966475
0,1.197372609,-0.563348373
0,1.149436491,-0.572531339
0,1.134781175,-0.519799469
0,1.174689469,-0.551570343
0,1.216018675,-0.5972051
0,1.152182784,-0.628637516
0,1.224210291,-0.59137551
0,1.233886891,-0.606894082
0,1.116181306,-0.630458913
0,1.229871456,-0.596695008
0,1.264121071,-0.597534553
0,1.156206645,-0.538426742
0,1.244188605,-0.661658042
0,1.220629977,-0.624123277
0,1.193267083,-0.682100884
0,1.189592464,-0.624333314
0,1.203322783,-0.663138116
0,1.223474214,-0.564079695
0,1.231369053,-0.62397596
0,1.209758548,-0.698556066
0,1.194187413,-0.640317146
0,1.231445217,-0.66272592
0,1.257827747,-0.603577566
0,1.262887889,-0.680729573
0,1.245033945,-0.647099063
0,1.240111939,-0.635750809
0,1.277080611,-0.666572166
0,1.195308392,-0.724995918
0,1.213731793,-0.662224648
0,1.245222229,-0.64113193
0,1.244388645,-0.70296614
0,1.243277254,-0.668589165
0,1.283614628,-0.705938074
0,1.238992179,-0.727198042
0,1.24510925,-0.699872227
0,1.288416964,-0.675302206
0,1.291147417,-0.761306915
0,1.292181184,-0.729461802
0,1.242724759,-0.743538565
0,1.261669856,-0.741682886
0,1.27225161,-0.750006256
0,1.256660507,-0.713135976
0,1.315412103,-0.737898192
0,1.27609522,-0.715696814
0,1.264936083,-0.771483502
0,1.279703261,-0.73660985
0,1.276943804,-0.754036458
0,1.2789962,-0.767812882
0,1.224658872,-0.736560974
0,1.316196683,-0.814196825
0,1.213754387,-0.736583383
0,1.291772258,-0.762138951
0,1.309787716,-0.781580896
0,1.329209098,-0.783514519
0,1.244850814,-0.781176868
0,1.287789804,-0.799490098
0,1.306587646,-0.79872048
0,1.285268832,-0.829837336
0,1.271774487,-0.783428233
0,1.308817909,-0.8063556
0,1.339044983,-0.858213588
0,1.275956933,-0.832368661
0,1.332718524,-0.856663656
0,1.291453762,-0.818053098
0,1.325428829,-0.820814538
0,1.338775985,-0.809608825
0,1.267897809,-0.839987535
0,1.333048481,-0.898719811
0,1.326796305,-0.818971241
0,1.280375599,-0.853009596
0,1.310718295,-0.836318013
0,1.296330811,-0.894658131
0,1.37084098,-0.849456588
0,1.375099778,-0.84105821
0,1.354462364,-0.866580323
0,1.298347081,-0.873466722
0,1.346186641,-0.861107545
0,1.314628092,-0.87657671
0,1.395544608,-0.898833941
0,1.349183173,-0.879903356
0,1.320474157,-0.877272594
0,1.356347658,-0.962319141
0,1.418474097,-0.852583376
0,1.390325894,-0.870914377
0,1.345731807,-0.935379728
0,1.343905811,-0.887057191
0,1.417320338,-0.934888532
0,1.418028123,-0.939053392
0,1.388109462,-0.912286
0,1.307439789,-0.837701903
0,1.331803181,-0.936463644
0,1.356471962,-0.92901721
0,1.378386108,-0.910353583
0,1.436762005,-0.88001949
0,1.404896705,-0.944799236
0,1.410227779,-0.933411333
0,1.371338477,-0.913400051
0,1.346139394,-1.004223802
0,1.371593614,-0.959629666
0,1.411600562,-0.94442636
0,1.431187954,-0.954477273
0,1.408789044,-0.926169554
0,1.403764008,-0.972069091
0,1.39580455,-0.948860411
0,1.378685079,-0.956253591
0,1.383501664,-0.958404785
0,1.374153636,-0.987657213
0,1.382635108,-0.961653613
0,1.434012655,-0.972506455
0,1.452724503,-0.997553248
0,1.465002448,-0.953186012
0,1.345001712,-0.939086919
0,1.345239966,-0.951791696
0,1.481537142,-0.968707779
0,1.430610689,-0.945192568
0,1.406751332,-0.942386824
0,1.408753785,-0.942228406
0,1.392059653,-0.968012777
0,1.41528375,-0.994982002
0,1.428656688,-1.017308744
0,1.378806161,-1.018125294
0,1.405898744,-0.950639437
0,1.433495264,-0.939829328
0,1.463612868,-0.9930144
0,1.395176143,-0.979023532
0,1.427565746,-0.94436676
0,1.417990519,-0.9349007
0,1.449627725,-0.969513439
0,1.422548979,-1.015039615
0,1.44071916,-0.985005759
0,1.404172894,-0.983372575
0,1.426940325,-0.975047808
0,1.48128786,-1.045379289
0,1.432231303,-0.997708091
0,1.388452826,-1.068285838
0,1.407194221,-0.964445618
0,1.508558246,-1.011251417
0,1.448453374,-0.987550723
0,1.488434087,-0.967216178
0,1.541178787,-0.980117151
0,1.43296055,-0.925391568
0,1.440064286,-1.016711588
0,1.499214923,-0.990867484
0,1.47604733,-0.996488441
0,1.43581268,-1.035722427
0,1.427704309,-0.974936466
0,1.453126934,-1.050065952
0,1.496296506,-1.006020638
0,1.444905295,-0.990029145
0,1.499189904,-0.983931138
0,1.469698204,-1.009907563
0,1.477037009,-0.994572198
0,1.50731491,-0.950401354
0,1.475546218,-1.018682493
0,1.490703263,-0.96508342
0,1.486045957,-0.972129605
0,1.477931212,-1.025679839
0,1.556393327,-0.974169769
0,1.521034729,-0.99972179
0,1.488006394,-0.964565418
0,1.541937676,-1.05254164
0,1.475444919,-1.010555351
0,1.556524141,-0.987556575
0,1.553229587,-1.016348292
0,1.530313009,-1.017382673
0,1.46174568,-0.989167964
0,1.521171365,-1.020877881
0,1.505502557,-1.020995726
0,1.539613893,-1.028382926
0,1.543755945,-1.00541419
0,1.520914593,-1.02243698
0,1.50489551,-1.015750339
0,1.504409148,-1.016143676
0,1.514738427,-1.039892922
0,1.483638184,-1.087478509
0,1.554370638,-1.022124437
0,1.546630306,-1.003941338
0,1.567135232,-0.979925504
0,1.588387947,-0.983316178
0,1.562169485,-1.00093803
0,1.520559694,-1.040378503
0,1.508862367,-0.934866044
0,1.513052615,-0.971325277
0,1.556047741,-0.964961865
0,1.549286576,-0.992776235
0,1.576901579,-0.992947169
0,1.567249574,-0.939781175
0,1.580572701,-0.998933022
0,1.55571374,-0.937357047
0,1.512466945,-0.969033044
0,1.614403344,-0.976926585
0,1.575963375,-0.946933342
0,1.641230908,-0.945871833
0,1.557026605,-0.972929202
0,1.555421753,-0.971306471
0,1.50482849,-1.000314146
0,1.596794085,-0.954242288
0,1.542073074,-0.95163795
0,1.590023501,-0.934032521
0,1.591998628,-0.992001484
0,1.561097856,-0.999149651
0,1.597157618,-0.93492392
0,1.579238308,-0.968229731
0,1.577540084,-1.022725536
0,1.558105879,-0.967355891
0,1.607805728,-0.97830145
0,1.563572997,-0.984241972
0,1.625900851,-0.940775566
0,1.60830656,-0.923686266
0,1.631723242,-0.963832218
0,1.556313382,-0.986725804
0,1.637024736,-0.926756383
0,1.57019183,-0.951173927
0,1.612078486,-0.933009221
0,1.614165392,-0.959259642
0,1.651105868,-0.947067428
0,1.591516709,-0.988614358
0,1.583730324,-0.844748608
0,1.606082852,-0.880570994
0,1.610378495,-0.892013084
0,1.610169862,-0.941562309
0,1.640637081,-0.912967937
0,1.652831112,-0.930379098
0,1.650751486,-0.933685552
0,1.66073894,-0.890205132
0,1.646904242,-0.939199226
0,1.590498708,-0.922834042
0,1.645725569,-0.948237858
0,1.659398103,-0.851027702
0,1.631888649,-0.900995483
0,1.617128689,-0.895597165
0,1.623543093,-0.859992387
0,1.675102782,-0.881145477
0,1.645534452,-0.836312714
0,1.59126028,-0.871724246
0,1.678147169,-0.877951341
0,1.699675385,-0.899795251
0,1.663822832,-0.832314083
0,1.637133784,-0.832380989
0,1.612992037,-0.873936035
0,1.710845998,-0.847404328
0,1.669843974,-0.853008954
0,1.644806558,-0.902426161
0,1.611396522,-0.836123335
0,1.618361075,-0.839164622
0,1.623670265,-0.832600965
0,1.688253788,-0.839351939
0,1.670558545,-0.803251753
0,1.709316438,-0.87460496
0,1.670369217,-0.821622872
0,1.676625607,-0.798356149
0,1.652222085,-0.811345486
0,1.713734679,-0.813175539
0,1.701417327,-0.860652801
0,1.745917381,-0.8205386
0,1.660015437,-0.84238499
0,1.656628634,-0.83706223
0,1.720334225,-0.81521576
0,1.709716041,-0.777319718
0,1.685984026,-0.775075369
0,1.70242585,-0.802884009
0,1.719906699,-0.795372905
0,1.694630911,-0.73528207
0,1.715453612,-0.781737733
0,1.703878411,-0.822539614
0,1.755547688,-0.803382988
0,1.723406958,-0.768817499
0,1.756435685,-0.774085287
0,1.699448883,-0.779407883
0,1.730115659,-0.764081769
0,1.683852798,-0.723232931
0,1.715631016,-0.674445266
0,1.731551665,-0.753574615
0,1.736570969,-0.735103554
0,1.75242761,-0.65870744
0,1.67971065,-0.763623156
0,1.719478929,-0.719728691
0,1.730730494,-0.707780634
0,1.702286879,-0.685662309
0,1.753947562,-0.706041213
0,1.71110093,-0.729398183
0,1.754926138,-0.73007113
0,1.776470407,-0.721711111
0,1.730340609,-0.68414834
0,1.729130346,-0.664560582
0,1.712584836,-0.711093581
0,1.821031836,-0.710026372
0,1.74800417,-0.671619229
0,1.774683969,-0.587475764
0,1.807992205,-0.685895544
0,1.78793059,-0.623370655
0,1.768522281,-0.734152362
0,1.762788248,-0.695558211
0,1.791542008,-0.65508608
0,1.807470253,-0.67749688
0,1.812603912,-0.677117991
0,1.825389872,-0.632033964
0,1.817793658,-0.675387765
0,1.80990394,-0.645519372
0,1.739840034,-0.584928485
0,1.800323979,-0.622599536
0,1.796845763,-0.627431527
0,1.751151554,-0.671286733
0,1.742509764,-0.617014601
0,1.816163863,-0.601054214
0,1.802029304,-0.606493115
0,1.80938014,-0.563360213
0,1.779643854,-0.620713135
0,1.820308521,-0.596899191
0,1.739570753,-0.565039445
0,1.825942468,-0.546172487
0,1.821121854,-0.564462613
0,1.815701659,-0.498814029
0,1.815387929,-0.56219207
0,1.857755115,-0.511678467
0,1.869242595,-0.512158681
0,1.836757982,-0.494121102
0,1.817026132,-0.539230476
0,1.799831827,-0.473148333
0,1.896455729,-0.489299836
0,1.810312203,-0.550533925
0,1.802946854,-0.507322354
0,1.793410702,-0.550152548
0,1.788773062,-0.484690969
0,1.774800436,-0.477969609
0,1.85069644,-0.518928594
0,1.811619808,-0.499120254
0,1.822869853,-0.450828342
0,1.839695786,-0.496249935
0,1.861129655,-0.435747748
0,1.796226222,-0.423461173
0,1.819106475,-0.512335481
0,1.854245499,-0.414455074
0,1.890716622,-0.454552376
0,1.876689011,-0.440836575
0,1.852241333,-0.39694226
0,1.867161182,-0.39692884
0,1.876694927,-0.439429693
0,1.880527271,-0.419004698
0,1.829246626,-0.402515961
0,1.867777541,-0.418632324
0,1.873546879,-0.422572262
0,1.929077583,-0.439233516
0,1.82778935,-0.354046316
0,1.852976796,-0.398965164
0,1.858858576,-0.347045261
0,1.883559435,-0.353213731
0,1.826199422,-0.41573485
0,1.890561422,-0.412825735
0,1.943010007,-0.340925031
0,1.927195927,-0.397812328
0,1.905964641,-0.32403111
0,1.926353774,-0.34326006
0,1.852955811,-0.348426228
0,1.880212514,-0.330654895
0,1.891605366,-0.307365416
0,1.96307894,-0.334108957
0,1.881969512,-0.25042685
0,1.978011342,-0.319027721
0,1.84857928,-0.276161619
0,1.886872662,-0.28733788
0,1.907004072,-0.269318277
0,1.872748193,-0.265837648
0,1.90147745,-0.311596757
0,1.911742549,-0.29222104
0,2.003923367,-0.253264564
0,1.917042566,-0.255593401
0,1.91846748,-0.206086268
0,1.882401976,-0.259533931
0,1.956391017,-0.216286872
0,1.92220812,-0.183666328
0,1.927003056,-0.189669557
0,1.931905454,-0.158305249
0,1.958866816,-0.186313386
0,1.91032421,-0.212921468
0,1.949543714,-0.184876517
0,1.897202982,-0.179077003
0,1.952609184,-0.234198058
0,1.909462545,-0.131183119
0,1.92967381,-0.202778364
0,1.937189551,-0.125186579
0,1.962864288,-0.223946604
0,1.935463687,-0.197961003
0,1.935665398,-0.201011174
0,1.976062433,-0.106947174
0,1.983360066,-0.101572457
0,1.997331913,-0.149773744
0,1.946730066,-0.160677074
0,1.90501563,-0.140917553
0,1.926607312,-0.105008026
0,1.956752793,-0.087278751
0,1.941988183,-0.083914287
0,1.977861337,-0.137045101
0,1.915231306,-0.151600512
0,1.956349117,-0.072815237
0,1.993342268,-0.098900091
0,1.967255409,-0.130916579
0,2.035471226,-0.080134727
0,1.995247502,-0.09833846
0,1.971223536,-0.015177928
0,1.951644357,-0.022727543
0,1.954565108,-0.01199335
0,2.006807666,-0.028836955
0,2.047822931,-0.067052981
0,2.012081872,0.040855454
0,2.00732307,0.014958544
0,1.994427763,0.026447529
0,1.948106728,-0.027667427
0,1.971297394,-0.021792208
0,2.077801643,0.070763234
0,1.989410268,0.038383613
0,1.960388353,0.010231794
0,2.003230749,0.04685318
0,2.05011692,0.062483685
0,2.015406284,0.087518272
0,2.012478264,0.076167044
0,2.081027645,0.027690303
0,2.013579756,0.03967539
0,1.976940728,0.105030515
0,2.012155479,0.030539995
0,1.997277806,0.11741628
0,2.04940379,0.097487807
0,1.984445263,0.084749448
0,2.005130664,0.146773037
0,2.016127032,0.138391436
0,2.088863155,0.159214702
0,2.058653847,0.086645485
0,2.111722101,0.091916725
0,2.023413115,0.137299932
0,2.068400223,0.152213969
0,2.02390798,0.120385634
0,2.00494626,0.144997417
0,2.043361776,0.15842438
0,2.042566204,0.183934513
0,2.051784974,0.157423558
0,2.049693213,0.230394168
0,2.061951477,0.219220861
0,2.050593747,0.17250966
0,2.10579666,0.218068289
0,2.047899243,0.24713747
0,2.060908862,0.210016033
0,2.068487795,0.213489227
0,2.0805062,0.181347074
0,2.090472786,0.156683483
0,2.075487803,0.202783945
0,2.091714707,0.212299263
0,2.106040081,0.227611324
0,2.053718207,0.262941674
0,2.073070442,0.245049447
0,2.069354424,0.292318497
0,2.073220031,0.269558038
0,2.072121801,0.273694112
0,2.068352656,0.300493576
0,2.101939065,0.316454825
0,2.103601266,0.306850028
0,2.103720617,0.349456884
0,2.096191405,0.29822653
0,2.110399074,0.302970954
0,2.064276538,0.303084468
0,2.089275028,0.340969552
0,2.123969662,0.326572521
0,2.116988137,0.312009041
0,2.109055794,0.335478054
0,2.134774566,0.376452362
0,2.099531869,0.298508109
0,2.119822255,0.397342618
0,2.153433847,0.38694019
0,2.15176938,0.346022525
0,2.086293946,0.393555026
0,2.121376381,0.350009848
0,2.14917568,0.432780957
0,2.137823125,0.405551861
0,2.135724587,0.381681125
0,2.134613301,0.434309985
0,2.101717166,0.442986589
0,2.175683973,0.417496822
0,2.136552992,0.466905875
0,2.156215671,0.444792065
0,2.139507437,0.412631066
0,2.132460086,0.455286821
0,2.120470911,0.447460793
0,2.127918682,0.41376197
0,2.200900132,0.485665705
0,2.147812515,0.49956817
0,2.158492243,0.484869806
0,2.170879728,0.485301966
0,2.160394246,0.481424448
0,2.140299903,0.522601744
0,2.155058124,0.491473867
0,2.133798516,0.499124456
0,2.213006728,0.470247218
0,2.191635295,0.465100212
0,2.188081569,0.560580997
0,2.177722293,0.485164244
0,2.227566261,0.493673622
0,2.157810877,0.543654496
0,2.191251725,0.533524567
0,2.189592697,0.554243934
0,2.178933783,0.554365197
0,2.174885046,0.536040759
0,2.17267141,0.559244062
0,2.159700045,0.541127522
0,2.18838488,0.577997724
0,2.187863508,0.572358537
0,2.177106076,0.531930642
0,2.179887423,0.564917564
0,2.242909723,0.618514691
0,2.217290403,0.629540078
0,2.2064607,0.580837881
0,2.231749607,0.582578821
0,2.184579452,0.624202003
0,2.192549302,0.581643428
0,2.188390318,0.598739742
0,2.1728599,0.600521258
0,2.231809983,0.692640356
0,2.200381747,0.650528607
0,2.273401902,0.636948961
0,2.210615529,0.64855103
0,2.230236045,0.622377857
0,2.229410859,0.634052967
0,2.195083805,0.660141036
0,2.256972582,0.679244548
0,2.232052401,0.687094322
0,2.26637474,0.666461687
0,2.226165914,0.696682425
0,2.237748813,0.736012925
0,2.201121307,0.639743664
0,2.210116531,0.693277343
0,2.242257149,0.686510852
0,2.274081259,0.693591119
0,2.263485009,0.751473643
0,2.284744403,0.692476424
0,2.318594752,0.740695222
0,2.260948865,0.68399304
0,2.307086734,0.716961112
0,2.254584357,0.725534508
0,2.266780827,0.795352661
0,2.302576158,0.73084511
0,2.311683512,0.726962047
0,2.233997685,0.728072696
0,2.249788212,0.742200646
0,2.267939429,0.774896868
0,2.250850202,0.784258028
0,2.264808785,0.773716477
0,2.331160469,0.766520966
0,2.29304624,0.745676218
0,2.286960029,0.746853138
0,2.276850722,0.753274126
0,2.286712094,0.75203446
0,2.311713454,0.790304864
0,2.249517015,0.727505046
0,2.244854834,0.762142397
0,2.291666406,0.805490273
0,2.257700849,0.74401025
0,2.281050992,0.750291296
0,2.290809898,0.770614561
0,2.313340958,0.789845493
0,2.303992112,0.783745555
0,2.356048943,0.818915959
0,2.2976929,0.780155869
0,2.318204699,0.790698752
0,2.274968755,0.805860426
0,2.292042882,0.811932036
0,2.363818048,0.853522738
0,2.356687373,0.757156822
0,2.309701611,0.836449328
0,2.310314336,0.893784688
0,2.306478297,0.82336958
0,2.3335393,0.813642296
0,2.374817898,0.884573556
0,2.397920536,0.874154726
0,2.33613714,0.897900139
0,2.336057818,0.863339626
0,2.305681275,0.84384484
0,2.334888722,0.890041337
0,2.367352402,0.853613693
0,2.325821696,0.849783355
0,2.304544551,0.888088348
0,2.335046361,0.922370775
0,2.333064274,0.911451399
0,2.332649892,0.901684871
0,2.386913593,0.885437326
0,2.358531531,0.814845685
0,2.339857172,0.902638367
0,2.359309798,0.949271621
0,2.368217335,0.902084629
0,2.375662973,0.866046972
0,2.347964588,0.922381891
0,2.357012068,0.838292268
0,2.387692488,0.871639034
0,2.330118636,0.928010217
0,2.362710642,0.894373211
0,2.324611021,0.901562552
0,2.308381918,0.933314995
0,2.373740185,0.885906651
0,2.372078179,1.015556682
0,2.386697025,0.941730222
0,2.430305994,0.943655951
0,2.384291234,0.936503957
0,2.395575821,0.968675735
0,2.397024965,0.97389952
0,2.386717555,0.965698032
0,2.376405163,0.968581332
0,2.358746396,0.931431064
0,2.380816737,1.001209086
0,2.367617555,0.911887469
0,2.40799695,0.914823948
0,2.370497828,0.967039316
0,2.412487,0.995100459
0,2.417417923,0.99977497
0,2.431987636,1.007378605
0,2.413873205,0.897750768
0,2.392586566,0.954475705
0,2.419706493,0.949697408
0,2.431922188,0.972721313
0,2.476392856,0.928689861
0,2.420223725,0.957679497
0,2.460005079,0.986267717
0,2.448204739,0.96828759
0,2.453386766,1.018837463
0,2.407229048,0.947452625
0,2.432111815,0.955262757
0,2.468927051,0.969031355
0,2.40089202,0.981016774
0,2.412427508,0.935948511
0,2.449905353,0.964161908
0,2.451344849,1.017402002
0,2.440625647,0.964393376
0,2.4539415,1.011029968
0,2.458556333,0.984428143
0,2.445895693,0.956246371
0,2.445987598,0.986464327
0,2.470083052,1.01211956
0,2.460439159,0.965282741
0,2.414442164,0.99318765
0,2.451579339,0.995833678
0,2.389337453,1.010718845
0,2.471318653,0.990159193
0,2.452092303,1.011451612
0,2.472605796,0.972805637
0,2.468352259,0.966300891
0,2.446649717,1.041424781
0,2.415949593,0.959504972
0,2.553504726,0.999513683
0,2.487887009,1.037885003
0,2.419765605,1.050430148
0,2.51180721,0.966622992
0,2.473839221,1.011507547
0,2.458026405,0.979536342
0,2.470421743,0.994578466
0,2.468474071,1.01727967
0,2.492822818,1.040943615
0,2.469355164,1.028709711
0,2.5101687,1.01911505
0,2.493264407,0.997440358
0,2.45794662,1.035178663
0,2.494295812,1.011870067
0,2.524341462,0.99246127
0,2.5089614,0.986862098
0,2.541124569,0.972546932
0,2.547043475,1.030925334
0,2.554256782,1.008107178
0,2.555385077,0.997489375
0,2.509245888,0.986287823
0,2.529641636,0.986292186
0,2.51624337,0.990806821
0,2.513604093,0.934213841
0,2.514934011,0.94636652
0,2.533667881,1.019354896
0,2.505077849,1.017417055
0,2.540836846,0.99650531
0,2.582677786,1.018712413
0,2.531066244,1.015989065
0,2.553495285,1.044830644
0,2.494305835,1.015482429
0,2.544113336,0.965758544
0,2.490246996,0.965386992
0,2.539126723,1.003562772
0,2.564215751,0.980941074
0,2.539063342,1.009831285
0,2.572937543,1.024717439
0,2.493057143,0.951464829
0,2.560583971,1.018223506
0,2.527127548,0.976942765
0,2.542323131,0.982545201
0,2.544416187,1.006170557
0,2.513493788,1.042925189
0,2.521088604,1.011353769
0,2.59872289,0.974858009
0,2.571398062,0.965115353
0,2.591552521,0.986882877
0,2.576928765,1.001709335
0,2.569452848,1.010571657
0,2.573300176,0.993906049
0,2.578300968,0.987082536
0,2.583434284,0.987791099
0,2.567411883,1.004532398
0,2.571869999,0.978032951
0,2.549925854,1.006800533
0,2.61138331,0.954727798
0,2.561409664,0.950695928
0,2.601460301,0.97316523
0,2.61225383,0.94197824
0,2.595249126,0.951683052
0,2.577522832,0.979967199
0,2.608804775,0.942789941
0,2.588034092,0.950212583
0,2.581143362,0.922276695
0,2.601893073,0.935269662
0,2.597253368,0.958483212
0,2.660625479,0.918517872
0,2.666139874,0.944917573
0,2.591706959,0.958217958
0,2.62576487,0.920303952
0,2.619797423,0.891320939
0,2.541166734,0.941195628
0,2.587502495,0.948820479
0,2.640087449,0.957991648
0,2.643381686,0.948220254
0,2.61766507,0.989895286
0,2.63603383,0.932219429
0,2.669584222,0.886453172
0,2.722945939,0.878758076
0,2.676809042,0.952756329
0,2.615970859,0.850960477
0,2.610584316,0.912285503
0,2.65394279,0.914301137
0,2.627876206,0.900384391
0,2.69769793,0.912290821
0,2.639672728,0.897204998
0,2.676710346,0.884315675
0,2.675102235,0.866913871
0,2.630672158,0.8641157
0,2.599511579,0.928102763
0,2.693178819,0.861744088
0,2.673818267,0.919957174
0,2.634344469,0.846958164
0,2.649569006,0.902550909
0,2.672586824,0.865382217
0,2.699043235,0.834174826
0,2.636541542,0.864488579
0,2.681184561,0.870155473
0,2.643677294,0.845253045
0,2.666366904,0.859964828
0,2.680566173,0.857586297
0,2.655618701,0.86453918
0,2.711491368,0.838364079
0,2.671669524,0.856090012
0,2.659190601,0.889684568
0,2.662372397,0.834748944
0,2.664497707,0.817121381
0,2.685321267,0.857750254
0,2.67969671,0.822568119
0,2.689171539,0.855952699
0,2.635683106,0.833282405
0,2.700333857,0.768956703
0,2.700866632,0.806816395
0,2.701183344,0.823804019
0,2.704449299,0.822287031
0,2.757571727,0.818658804
0,2.704374006,0.772757237
0,2.765254517,0.77870251
0,2.743470155,0.811948858
0,2.734279259,0.794087691
0,2.698940215,0.801542641
0,2.714551622,0.775094324
0,2.719027456,0.756933821
0,2.686268292,0.753937302
0,2.761131267,0.822570015
0,2.724800665,0.777356163
0,2.740997983,0.704623796
0,2.735645527,0.722755621
0,2.684251646,0.724905617
0,2.784439394,0.744478335
0,2.703768494,0.758998197
0,2.752750855,0.723971361
0,2.756780136,0.720438488
0,2.703762554,0.686916568
0,2.739902,0.691558279
0,2.730274772,0.717527168
0,2.752344074,0.664570394
0,2.759396021,0.704313983
0,2.771326371,0.728310065
0,2.71449671,0.717210065
0,2.760727759,0.732685688
0,2.763652015,0.666950779
0,2.698609505,0.653977973
0,2.725761979,0.684593947
0,2.723598586,0.633364862
0,2.770256344,0.727866552
0,2.741970209,0.618121569
0,2.700394382,0.634741646
0,2.788234573,0.651392689
0,2.774651814,0.672176331
0,2.819926754,0.589226699
0,2.765073239,0.620337666
0,2.759604338,0.560212401
0,2.742821055,0.668604848
0,2.804610703,0.630425086
0,2.80740248,0.581611804
0,2.783321479,0.606681789
0,2.81248078,0.657349485
0,2.765781616,0.640493156
0,2.795691602,0.641304187
0,2.825561263,0.569923341
0,2.855451815,0.549681931
0,2.806446256,0.635241931
0,2.756851252,0.572664129
0,2.792385105,0.582370591
0,2.823497509,0.563893046
0,2.821156668,0.632520356
0,2.856634363,0.614000544
0,2.828413566,0.536177668
0,2.825132017,0.572018374
0,2.847015469,0.569130711
0,2.799963128,0.50237813
0,2.779170899,0.519393022
0,2.837201475,0.576939957
0,2.821161832,0.552876361
0,2.789247134,0.559975523
0,2.830308882,0.551728678
0,2.849112568,0.489664315
0,2.8027902,0.434382922
0,2.83055582,0.493709308
0,2.824144603,0.52016569
0,2.837634741,0.507919904
0,2.862828066,0.48988343
0,2.815428072,0.493458057
0,2.831224597,0.427204412
0,2.875219409,0.538534531
0,2.824033948,0.460063901
0,2.886970478,0.390043474
0,2.794280161,0.44098492
0,2.885430258,0.544387797
0,2.95237175,0.467612911
0,2.877232357,0.414288241
0,2.806527621,0.422848524
0,2.867348135,0.42302106
0,2.913712438,0.41771693
0,2.914053269,0.431751659
0,2.892229279,0.36075255
0,2.893823864,0.416856747
0,2.851031111,0.40285519
0,2.887616988,0.402127216
0,2.897682942,0.414874213
0,2.88041925,0.390245139
0,2.880321648,0.397703858
0,2.864083041,0.39386645
0,2.847538709,0.382943812
0,2.881845443,0.35979102
0,2.87772533,0.340838221
0,2.899494278,0.364778607
0,2.918566218,0.343378712
0,2.931631391,0.338110646
0,2.932603001,0.377869631
0,2.862631513,0.281146945
0,2.937477322,0.304470435
0,2.916315174,0.349985015
0,2.8848408,0.267862264
0,2.908713385,0.29668861
0,2.923685687,0.300159795
0,2.867237378,0.272888923
0,2.874547707,0.290060871
0,2.882981431,0.268123629
0,2.865229194,0.263611346
2,-0.023277114,0.017560714
2,-0.029655694,0.037312728
2,-4.15403E-4,0.040449196
2,-0.021804048,0.04858604
2,0.001711984,0.02923152
2,0.003848288,0.057827412
2,0.068081592,0.070851074
2,0.016883497,0.027817032
2,0.020521417,0.026589947
2,0.017379284,0.091052707
2,0.019375046,0.104843306
2,0.009054954,0.088453194
2,0.035901326,0.039586356
2,0.012343567,0.117998748
2,-0.004133682,0.089510873
2,0.00277252,0.070976679
2,0.006356437,0.131305306
2,0.036196952,0.124080368
2,0.021344143,0.115358006
2,0.065109228,0.086708947
2,0.019244617,0.162181672
2,0.094832822,0.111894642
2,0.059178417,0.106604441
2,0.067731053,0.154219422
2,0.019586298,0.171703464
2,0.089935031,0.157909014
2,0.027041063,0.135294456
2,0.018743498,0.186976718
2,0.068181794,0.157698451
2,0.082620856,0.155413803
2,0.106620885,0.129717495
2,0.055786767,0.22230927
2,0.066368252,0.207334712
2,0.052744394,0.270964836
2,0.056189946,0.239083187
2,0.108337698,0.214077987
2,0.117459367,0.243706744
2,0.031365929,0.222360726
2,0.073643547,0.261736926
2,0.101381216,0.269601812
2,0.038590036,0.208998164
2,0.12436535,0.285544904
2,0.098365536,0.313287682
2,0.143408462,0.249783055
2,0.091257085,0.291923129
2,0.095610961,0.291103421
2,0.099824642,0.323633307
2,0.013538291,0.296864828
2,0.090487011,0.288974149
2,0.104320282,0.325043323
2,0.093451787,0.315530526
2,0.054502466,0.287514882
2,0.094800679,0.321776598
2,0.075990686,0.297400214
2,0.128387504,0.34278278
2,0.153307098,0.361015087
2,0.079030924,0.283977122
2,0.120177101,0.34959763
2,0.134636785,0.389694532
2,0.113994498,0.372588162
2,0.100359276,0.409997999
2,0.125556556,0.363801418
2,0.112276396,0.440132177
2,0.143238758,0.403986875
2,0.140107849,0.410777794
2,0.146167631,0.403097723
2,0.185347718,0.401466203
2,0.110696857,0.401993042
2,0.173488982,0.443531348
2,0.17515886,0.419354704
2,0.146528096,0.377026752
2,0.172367901,0.433891151
2,0.147681156,0.473163067
2,0.139798821,0.461308455
2,0.128464564,0.438035319
2,0.168249875,0.453226695
2,0.107030484,0.449015126
2,0.243285275,0.485488748
2,0.16445295,0.463967761
2,0.105416471,0.485821623
2,0.069631103,0.459548682
2,0.120346326,0.486328526
2,0.198208518,0.513663597
2,0.154690021,0.454827063
2,0.154004957,0.473474066
2,0.184884455,0.496870915
2,0.216502322,0.516296034
2,0.130434194,0.527551714
2,0.19952103,0.51563302
2,0.198532151,0.546005917
2,0.193533422,0.53132477
2,0.180170664,0.542366325
2,0.182145637,0.507973855
2,0.18745202,0.521162512
2,0.193838397,0.527090018
2,0.232882957,0.591898204
2,0.177824206,0.634370505
2,0.230180714,0.603174618
2,0.135817478,0.544717859
2,0.178931575,0.577954442
2,0.162653459,0.612509239
2,0.188318639,0.592943829
2,0.189543629,0.60028176
2,0.249165398,0.553016154
2,0.181156066,0.598779615
2,0.228642198,0.587167059
2,0.198256576,0.643892293
2,0.179161958,0.659119631
2,0.22826536,0.649667534
2,0.219553331,0.607500431
2,0.174014171,0.646854074
2,0.245466721,0.668782043
2,0.223418628,0.701277819
2,0.233550834,0.644496193
2,0.233156684,0.642832761
2,0.252625917,0.712714451
2,0.265202585,0.678133425
2,0.195175891,0.656232659
2,0.25009133,0.677655379
2,0.281473075,0.704372788
2,0.198989192,0.708103086
2,0.264058285,0.746174312
2,0.248559772,0.706055878
2,0.200737726,0.688839797
2,0.205193524,0.702667831
2,0.228615734,0.672893362
2,0.253865444,0.690715484
2,0.294033435,0.787130531
2,0.26257986,0.733120939
2,0.201249652,0.773890449
2,0.243285231,0.744982303
2,0.257961059,0.747819977
2,0.263408232,0.745662537
2,0.2360783,0.74992199
2,0.225348899,0.746854073
2,0.277477689,0.745898012
2,0.283771586,0.784911775
2,0.228180044,0.718781691
2,0.259406729,0.779339239
2,0.290371095,0.75985302
2,0.299403143,0.83686623
2,0.251628519,0.753079754
2,0.231100116,0.786399133
2,0.311843806,0.775143407
2,0.322701473,0.78320819
2,0.299311131,0.824406902
2,0.311637391,0.807264993
2,0.338794302,0.774145229
2,0.284057566,0.81419391
2,0.289288724,0.792101294
2,0.32361146,0.797465113
2,0.315851845,0.810838113
2,0.292925927,0.833669735
2,0.31673295,0.764321386
2,0.299828303,0.794722181
2,0.31535687,0.809071935
2,0.313575228,0.871685772
2,0.367052585,0.861484416
2,0.270056408,0.884960543
2,0.352252149,0.851931068
2,0.394914166,0.833849374
2,0.377810495,0.817799502
2,0.31408304,0.819100797
2,0.344878428,0.868444933
2,0.310463464,0.818532887
2,0.251071592,0.835314778
2,0.290964122,0.886903205
2,0.368322832,0.810118874
2,0.285578368,0.85889401
2,0.36842012,0.913902627
2,0.386114192,0.867424595
2,0.324271589,0.851278539
2,0.3625279,0.908175279
2,0.302095638,0.883941645
2,0.334060768,0.90907128
2,0.386316676,0.929826793
2,0.36862472,0.884079504
2,0.341670329,0.864175192
2,0.392930434,0.875183222
2,0.301579761,0.88001669
2,0.405531668,0.91506937
2,0.352997245,0.916234908
2,0.377653177,0.925829993
2,0.362591537,0.983773852
2,0.401746995,0.843446229
2,0.343457599,0.919257105
2,0.388915342,0.914130207
2,0.374624062,0.915329748
2,0.338509026,0.991337994
2,0.374116318,0.999516216
2,0.35529343,0.924355563
2,0.344734762,0.908660828
2,0.413061132,0.959222836
2,0.361735833,0.943262669
2,0.376788149,0.96571015
2,0.368920259,0.989663815
2,0.347489459,0.953785456
2,0.35060926,0.9253287
2,0.36573174,0.995560672
2,0.395124373,0.96083114
2,0.358742757,0.924177105
2,0.414427332,0.951771001
2,0.425818942,0.991425353
2,0.380418327,0.929406058
2,0.423682933,0.956669217
2,0.412386962,0.935460748
2,0.385542433,0.977127559
2,0.462804393,0.954986166
2,0.451245097,1.008092843
2,0.452159946,1.014075646
2,0.432763419,0.921699313
2,0.399286936,0.966994943
2,0.382441523,0.957372366
2,0.466240905,0.951112684
2,0.436089395,0.984355265
2,0.487357403,0.969713425
2,0.453360828,0.941640455
2,0.409685748,0.98965154
2,0.453730584,0.966925488
2,0.448242023,0.962105291
2,0.459227473,0.962374778
2,0.451538975,0.995136721
2,0.488986431,0.952360982
2,0.454412762,0.934893733
2,0.453804994,1.011217675
2,0.419984519,0.982497411
2,0.490858523,1.039249801
2,0.456061475,1.035036207
2,0.453243417,0.965089575
2,0.456884775,0.939836679
2,0.437212369,0.974245896
2,0.505352846,1.000287958
2,0.52732426,1.007654806
2,0.478609101,0.988239029
2,0.443253777,1.000646104
2,0.460715831,0.949416007
2,0.489448108,0.991716198
2,0.48385994,0.981547024
2,0.498561887,0.97965638
2,0.490673583,1.018072475
2,0.478239478,0.970790494
2,0.491159201,1.031052749
2,0.420658863,1.002453082
2,0.492234123,1.009788075
2,0.478639721,1.009651996
2,0.475377347,1.007343106
2,0.52844416,0.997099277
2,0.463623348,0.996819902
2,0.51102288,0.991873531
2,0.549838408,0.98676492
2,0.489247675,1.048870235
2,0.512959215,1.015980325
2,0.546009052,0.980166827
2,0.502428981,1.02576893
2,0.486100202,1.006672409
2,0.4770976,1.014568982
2,0.581069771,0.994156805
2,0.503931997,1.048569518
2,0.489859859,0.98710379
2,0.519016289,1.01623658
2,0.489328715,0.968579214
2,0.533133215,0.99148466
2,0.475719803,0.944957952
2,0.476036249,0.996727901
2,0.543593992,1.015574019
2,0.500140369,0.934625835
2,0.551766944,0.991774632
2,0.535467599,0.981428459
2,0.528653082,1.049935252
2,0.535384509,1.007438354
2,0.476861068,0.946687387
2,0.520548892,0.99486521
2,0.556849749,1.064869694
2,0.495279995,0.936807349
2,0.541564569,0.961605602
2,0.520842447,1.015272761
2,0.541199655,0.999700244
2,0.562103358,0.936544691
2,0.580975838,0.97575603
2,0.540135349,0.977691653
2,0.573800349,1.014239275
2,0.567062691,0.928114681
2,0.591029801,0.96218657
2,0.62335615,0.99556914
2,0.589624404,0.965685961
2,0.546702496,0.95262987
2,0.535101579,0.948388188
2,0.611457816,0.953683955
2,0.57621285,1.016848159
2,0.5650387,0.962539743
2,0.60274012,0.972983807
2,0.597878053,0.954030865
2,0.580693186,1.012320698
2,0.648644743,0.960996901
2,0.56677811,0.95756885
2,0.574677275,0.936965236
2,0.534768616,0.910209268
2,0.595118738,0.935451788
2,0.63766849,0.897443164
2,0.572139291,0.966139293
2,0.616070123,0.935889788
2,0.573897066,0.875960924
2,0.59172525,0.959149301
2,0.604370998,0.901914679
2,0.638672687,0.962989728
2,0.606289028,0.941199985
2,0.616209497,0.941901315
2,0.639155271,0.923519287
2,0.665669737,0.897728862
2,0.610341457,0.905750254
2,0.602027727,0.877887079
2,0.65897211,0.927365659
2,0.622192438,0.925559199
2,0.606677333,0.909133239
2,0.656921211,0.915757597
2,0.647330663,0.934902136
2,0.664844805,0.89664242
2,0.613642198,0.92148936
2,0.6097151,0.942752258
2,0.607799859,0.937575502
2,0.690793474,0.86347907
2,0.679463409,0.914974802
2,0.649469728,0.889502086
2,0.642428949,0.920328996
2,0.630598959,0.872712645
2,0.744709406,0.935881323
2,0.686617652,0.913971561
2,0.655238789,0.83010472
2,0.652269157,0.902159458
2,0.680146699,0.924439719
2,0.698664899,0.886877267
2,0.647448192,0.861703615
2,0.68131853,0.852940462
2,0.654657294,0.907554581
2,0.665986572,0.813304884
2,0.606217457,0.864882455
2,0.659628194,0.842354823
2,0.67181141,0.85211146
2,0.647426871,0.84691753
2,0.614130075,0.816311703
2,0.670175061,0.849266228
2,0.692334413,0.875530716
2,0.736469684,0.84742724
2,0.663202757,0.846593686
2,0.727580746,0.860928105
2,0.695074361,0.779864477
2,0.655338559,0.808968962
2,0.711618614,0.798657029
2,0.650935116,0.852323861
2,0.686423156,0.839028199
2,0.715113129,0.766150164
2,0.705654294,0.821782978
2,0.685428054,0.776964938
2,0.71760978,0.762854982
2,0.689549266,0.829929269
2,0.701685122,0.799928166
2,0.699335623,0.736080943
2,0.701646722,0.761616259
2,0.724032418,0.759411654
2,0.750311748,0.708839031
2,0.733669702,0.750526346
2,0.752937919,0.76448984
2,0.774955636,0.746106439
2,0.71847466,0.768508979
2,0.761604538,0.713873026
2,0.652498625,0.740228733
2,0.741467285,0.787437374
2,0.728179085,0.740267544
2,0.758114201,0.714701063
2,0.709580106,0.722071003
2,0.688700674,0.739819489
2,0.712909406,0.673640766
2,0.747756211,0.730288431
2,0.740964056,0.727462736
2,0.772625376,0.727562787
2,0.745762387,0.710610392
2,0.737431893,0.743456226
2,0.734400823,0.659076525
2,0.739214686,0.668285956
2,0.721643516,0.646238767
2,0.813880123,0.681967374
2,0.736286997,0.707346039
2,0.737246613,0.716712701
2,0.759251129,0.642952255
2,0.809609014,0.644580722
2,0.77226833,0.678400572
2,0.782711426,0.63266224
2,0.712811215,0.62359282
2,0.798474919,0.674545153
2,0.78736901,0.66523739
2,0.791684427,0.676137749
2,0.828973963,0.610191913
2,0.786604832,0.640826058
2,0.826499752,0.622289174
2,0.774555024,0.612009933
2,0.752010736,0.591964264
2,0.768213989,0.608398705
2,0.788676045,0.632274897
2,0.803892965,0.558850782
2,0.813177821,0.557928884
2,0.808219494,0.656048252
2,0.79087073,0.583622673
2,0.840374372,0.541979368
2,0.845629693,0.555244118
2,0.834980853,0.546069462
2,0.863921298,0.592671521
2,0.793416199,0.606522166
2,0.807616817,0.57059259
2,0.823336318,0.540975077
2,0.880929847,0.489668276
2,0.776476624,0.554867609
2,0.759093087,0.549824292
2,0.865210494,0.475225273
2,0.827024218,0.496476647
2,0.857980379,0.490043368
2,0.856113664,0.480694062
2,0.866321956,0.509369513
2,0.800423355,0.458194456
2,0.839699463,0.427908646
2,0.867472418,0.526047435
2,0.861840431,0.441813972
2,0.851214566,0.537835126
2,0.883730415,0.48152501
2,0.874223415,0.499882296
2,0.855762264,0.450795017
2,0.843906704,0.453229168
2,0.84703166,0.419834757
2,0.828110247,0.45535178
2,0.841046672,0.403220679
2,0.818859894,0.384572345
2,0.882598259,0.409164091
2,0.882571532,0.450837729
2,0.857995103,0.430412647
2,0.95487855,0.392845417
2,0.883428289,0.387983689
2,0.905508438,0.379366968
2,0.861485407,0.405473371
2,0.875347417,0.359239982
2,0.812995486,0.331723118
2,0.86378028,0.391773956
2,0.902967797,0.378660979
2,0.914834717,0.350430756
2,0.897447138,0.348678693
2,0.901476922,0.339077936
2,0.920983236,0.29188731
2,0.962857731,0.324711884
2,0.857036839,0.292537155
2,0.894761945,0.359997613
2,0.869700828,0.327557218
2,0.875226828,0.337657161
2,0.885449874,0.27910982
2,0.9692922,0.30542587
2,0.945246196,0.319760891
2,0.914308067,0.325621293
2,0.906577539,0.295372773
2,0.865386697,0.236293053
2,0.936956785,0.25627894
2,0.903694862,0.272368754
2,0.839128466,0.243961636
2,0.887603832,0.262859765
2,0.922916437,0.196639171
2,0.921019568,0.2297255
2,0.941730139,0.211618429
2,0.887515278,0.222003485
2,0.945038915,0.228970122
2,0.951817864,0.183904671
2,0.908442412,0.185788677
2,0.954517653,0.208219199
2,0.948529271,0.224074585
2,0.960329686,0.182156454
2,0.946848164,0.24804821
2,0.987250295,0.161566992
2,0.890061174,0.157060817
2,0.95202691,0.102708117
2,0.98908644,0.199014344
2,0.95165045,0.138460437
2,0.976542167,0.165943085
2,0.952157303,0.121100329
2,0.965727576,0.187409079
2,0.916349213,0.176874257
2,0.90691309,0.093989144
2,0.981234215,0.146141656
2,0.940095404,0.101097135
2,0.943514554,0.054125206
2,1.0042288,0.079667356
2,0.972917383,0.151241924
2,0.984253196,0.080804509
2,0.997608342,0.082536402
2,0.941807698,0.091088308
2,0.980252042,0.060120703
2,1.004857503,0.06238403
2,0.967561286,0.014022238
2,1.005535622,0.067591549
2,0.99409712,0.040442207
2,0.987307741,0.027861568
2,0.985698465,0.068137847
2,1.028818314,0.007662807
2,1.018191688,-0.004827343
2,0.976495665,0.002615345
2,1.006218215,-0.016964002
2,0.958823417,0.017727194
2,0.990616213,-0.011877314
2,1.023541866,-0.016346894
2,1.008679765,-0.014405323
2,1.026461495,-0.048705512
2,1.022560345,-0.019488316
2,1.024582518,-0.089648984
2,1.050422415,-0.081453421
2,1.076357706,-0.076361007
2,1.013413237,-0.030110351
2,0.981255717,-0.055146777
2,1.046070309,-0.059188603
2,1.00418638,-0.067935807
2,0.998613647,-0.078887053
2,1.013446664,-0.088429724
2,1.007526619,-0.087967832
2,1.01924137,-0.132167535
2,0.969805755,-0.09873984
2,1.017633025,-0.129085231
2,1.031752046,-0.116957954
2,1.020221612,-0.140128728
2,1.056633132,-0.146408238
2,1.058596101,-0.169141828
2,1.00763123,-0.152494884
2,1.025631197,-0.135424711
2,1.046759812,-0.149141008
2,1.041946534,-0.154029971
2,0.978918882,-0.229748584
1,4.102493984,0.284326851
1,4.113835533,0.276982293
1,4.099365618,0.286528631
1,4.118795814,0.270333258
1,4.114075534,0.32553242
1,4.125683551,0.240254958
1,4.10332606,0.313255976
1,4.100321449,0.352058148
1,4.109517236,0.353338181
1,4.105715782,0.305386718
1,4.07441058,0.374730561
1,4.099521149,0.359161225
1,4.113804625,0.334821366
1,4.129815504,0.331139538
1,4.145608796,0.400627827
1,4.174611151,0.388401707
1,4.150064538,0.397607042
1,4.093754168,0.376319188
1,4.138574307,0.351294829
1,4.121295685,0.348881336
1,4.122131019,0.403988751
1,4.142083589,0.423409962
1,4.163421743,0.402183131
1,4.164836638,0.445424366
1,4.133292704,0.42340898
1,4.167282681,0.42379736
1,4.120197277,0.416204606
1,4.124696298,0.404592892
1,4.182987046,0.380207838
1,4.145235267,0.452271983
1,4.15618878,0.447586077
1,4.106190486,0.44325329
1,4.123165633,0.485777767
1,4.144201623,0.484973682
1,4.156096404,0.459466779
1,4.137938089,0.440155077
1,4.13802479,0.468913544
1,4.160693295,0.505155103
1,4.172902858,0.523896035
1,4.169446262,0.534323655
1,4.164540214,0.500337564
1,4.196456117,0.524109504
1,4.17815124,0.506286968
1,4.171408782,0.498804566
1,4.172218792,0.536357751
1,4.227846343,0.522568496
1,4.169340875,0.547895527
1,4.188392165,0.546685052
1,4.189227961,0.490159926
1,4.227420897,0.575416824
1,4.177422053,0.54244481
1,4.171295598,0.516890889
1,4.186554932,0.608232773
1,4.149092811,0.525217027
1,4.197277158,0.542244796
1,4.191383831,0.565247301
1,4.214951754,0.57991965
1,4.207655646,0.610521993
1,4.218145514,0.617441441
1,4.19920022,0.533845966
1,4.217566274,0.585031875
1,4.227955365,0.578070259
1,4.244720745,0.595749843
1,4.196325511,0.639636504
1,4.288359347,0.604211322
1,4.273685082,0.652137076
1,4.195211907,0.665178834
1,4.230654507,0.632957812
1,4.212886831,0.590291814
1,4.223176221,0.672508259
1,4.23793572,0.651353779
1,4.263952223,0.654119808
1,4.252475399,0.635952577
1,4.230208838,0.683921702
1,4.259636572,0.681114094
1,4.250294343,0.722230046
1,4.279325582,0.672220119
1,4.251038527,0.740073539
1,4.251009444,0.699110436
1,4.290565207,0.729411056
1,4.230288049,0.707220721
1,4.218277815,0.704074798
1,4.280960104,0.677293652
1,4.286648409,0.708781535
1,4.237077213,0.702620562
1,4.196107827,0.726141076
1,4.227438629,0.682880282
1,4.263850317,0.719888202
1,4.254021932,0.74546805
1,4.272931347,0.735438568
1,4.261441415,0.738176276
1,4.264308608,0.726187158
1,4.234775923,0.724603252
1,4.291835881,0.76260578
1,4.304995909,0.80189259
1,4.257088867,0.738813017
1,4.22618087,0.768169752
1,4.304738943,0.823408441
1,4.288282187,0.768447082
1,4.294608805,0.761634775
1,4.292717869,0.787729558
1,4.254846184,0.783897575
1,4.307876254,0.840534447
1,4.312508469,0.859842527
1,4.277191358,0.810860535
1,4.294993876,0.813442472
1,4.269710837,0.809591866
1,4.294539236,0.805141389
1,4.295072442,0.81220391
1,4.308265237,0.862409205
1,4.298627775,0.82692051
1,4.262591758,0.836178049
1,4.316422546,0.814668315
1,4.327105905,0.828927979
1,4.309856041,0.807066627
1,4.346318929,0.81665947
1,4.325233999,0.851245713
1,4.345553172,0.873166889
1,4.285342234,0.892993074
1,4.345202589,0.829040015
1,4.300309327,0.848457402
1,4.315924931,0.892888457
1,4.364559295,0.873409598
1,4.366790838,0.873478485
1,4.377798347,0.909821146
1,4.301937389,0.901395397
1,4.353039009,0.872723436
1,4.369226632,0.86878863
1,4.329024614,0.90222529
1,4.344821676,0.891004021
1,4.384418055,0.876140118
1,4.359251273,0.916871871
1,4.319041978,0.899727754
1,4.35091114,0.913123463
1,4.365861731,0.903007761
1,4.335358383,0.932528269
1,4.406786425,0.922254658
1,4.389358034,0.911553024
1,4.354167184,0.918109984
1,4.321418782,0.965018901
1,4.397915571,0.862771231
1,4.332616126,0.937493243
1,4.369170362,0.921759463
1,4.327935931,0.928842149
1,4.383416348,0.946498428
1,4.335819105,0.960384947
1,4.350151819,0.933887352
1,4.429399708,0.974214209
1,4.39764628,0.968407575
1,4.353423437,0.963455873
1,4.417409206,0.910005889
1,4.396170309,1.028741228
1,4.422853635,0.982409631
1,4.41421154,0.912363435
1,4.341032771,0.946690416
1,4.369526841,0.907720447
1,4.397841127,0.96593996
1,4.471589806,0.941077128
1,4.408714613,1.034956101
1,4.376884923,0.966114914
1,4.402002034,0.999818199
1,4.415351045,1.000170773
1,4.426353377,0.986461172
1,4.365829947,0.943377075
1,4.378303565,0.921654551
1,4.447343173,0.999899446
1,4.417888831,0.94041474
1,4.455332092,1.026371501
1,4.447102372,0.948433948
1,4.414520608,0.995623163
1,4.431866838,1.00670986
1,4.40254256,1.023353101
1,4.425363585,0.957241909
1,4.400751334,1.005528231
1,4.427914711,0.972864864
1,4.428681146,0.95109528
1,4.420748061,0.979869547
1,4.509082713,0.973265412
1,4.469960583,0.95738376
1,4.47419339,1.013565889
1,4.471465646,0.998836408
1,4.397243973,0.984403852
1,4.4720417,0.935297433
1,4.443432622,1.026387833
1,4.459012899,1.031996915
1,4.449850147,1.029274932
1,4.466794044,1.013230314
1,4.420748011,0.949225442
1,4.480650532,0.983539507
1,4.413244576,0.981359035
1,4.459333491,0.969918874
1,4.434595325,1.002786572
1,4.484068968,0.972591222
1,4.515712333,0.982536641
1,4.418579068,0.998299602
1,4.504408555,0.941100974
1,4.538325413,0.989681506
1,4.459313553,1.007248112
1,4.469815087,1.027525041
1,4.527837112,1.012411021
1,4.489834696,0.948406696
1,4.469086207,1.000338595
1,4.434053451,0.968204307
1,4.500485132,0.962963874
1,4.474863063,1.009018067
1,4.50568287,1.003557169
1,4.575226795,1.020098147
1,4.4836141,1.001376904
1,4.540814518,1.054084031
1,4.528538635,0.976343081
1,4.530566494,1.016556544
1,4.527758232,0.997679115
1,4.507463989,1.00194141
1,4.498034659,1.01656832
1,4.516479406,1.038351293
1,4.542369187,1.004816808
1,4.561945101,1.023661774
1,4.534201433,0.969840961
1,4.565977675,0.992876055
1,4.517452026,0.997037896
1,4.56204966,0.999119208
1,4.497902314,0.986525553
1,4.509813703,0.986146756
1,4.498460279,1.004284464
1,4.527656229,0.966366889
1,4.522562392,1.030227925
1,4.50614774,1.005889017
1,4.549068464,0.95465276
1,4.54720213,0.961815804
1,4.573076378,1.005190079
1,4.546489382,0.958012164
1,4.536403777,0.971741952
1,4.564361958,1.023031689
1,4.578760509,0.971211077
1,4.501510421,0.961368529
1,4.570580029,0.950453535
1,4.561845089,1.02526911
1,4.612763986,0.985129578
1,4.619094153,0.995675692
1,4.589268112,0.99396492
1,4.555208725,0.981797295
1,4.587532244,1.010092707
1,4.496859478,0.947478793
1,4.617599798,0.991189519
1,4.584534179,0.985804172
1,4.615498392,0.940224572
1,4.594330999,0.910573121
1,4.587962555,0.968266625
1,4.623799524,0.941681553
1,4.604362855,0.990701888
1,4.568798807,0.969642518
1,4.593462862,0.953307081
1,4.579052341,0.936842968
1,4.560961023,0.940965175
1,4.570098849,0.951594668
1,4.646951058,0.942168425
1,4.631149168,0.963735284
1,4.644514876,0.946903977
1,4.603017403,0.940524459
1,4.571475908,1.003965438
1,4.567190361,0.937161117
1,4.601005842,0.940943115
1,4.571065075,0.959906522
1,4.614704314,0.927459921
1,4.660652654,0.952311569
1,4.671563747,0.969210685
1,4.605585068,0.919769591
1,4.661415871,0.912563239
1,4.623744745,0.909203701
1,4.640520028,0.952489732
1,4.611732247,0.902698814
1,4.660611946,0.96654723
1,4.662572257,0.871505733
1,4.633947741,0.919541399
1,4.640185092,0.891616122
1,4.587325722,0.941035286
1,4.673847208,0.923832478
1,4.632666266,0.859970085
1,4.663506171,0.870802926
1,4.640807715,0.931332132
1,4.678846196,0.881133001
1,4.662986934,0.868252061
1,4.630473919,0.879288286
1,4.617391205,0.938941478
1,4.673115825,0.856445394
1,4.659790229,0.905120877
1,4.656786913,0.866366806
1,4.68733374,0.914479762
1,4.692062717,0.871144467
1,4.683915905,0.864620013
1,4.656551508,0.840988188
1,4.648444421,0.832115792
1,4.674326243,0.806625293
1,4.672158951,0.805597774
1,4.669948399,0.820069969
1,4.684374848,0.873522376
1,4.631601288,0.818485265
1,4.661529896,0.823706981
1,4.680185298,0.806207495
1,4.68031162,0.860393748
1,4.694321179,0.812108773
1,4.701162877,0.839849625
1,4.640701088,0.814706661
1,4.755601359,0.818059971
1,4.703243543,0.859982893
1,4.663852206,0.834608767
1,4.692780442,0.812748304
1,4.722079773,0.795335557
1,4.686919807,0.817054952
1,4.704308162,0.797251229
1,4.727893803,0.817193957
1,4.704553201,0.757090755
1,4.726783952,0.821708251
1,4.697400305,0.793445461
1,4.760429112,0.772318498
1,4.729916932,0.767204796
1,4.694257468,0.742466595
1,4.687077803,0.75739899
1,4.780086104,0.765373268
1,4.776842024,0.727311043
1,4.715015525,0.802140159
1,4.691231259,0.706827996
1,4.793898524,0.771278658
1,4.743056263,0.73942287
1,4.771467198,0.752757402
1,4.762561929,0.772054196
1,4.780575468,0.731841255
1,4.703519758,0.761418549
1,4.715954143,0.641139071
1,4.759406497,0.716005264
1,4.732346584,0.711582034
1,4.793557553,0.712996256
1,4.745374597,0.701306315
1,4.706230468,0.648985374
1,4.725924794,0.65478515
1,4.826224439,0.70167514
1,4.791646576,0.671274405
1,4.742044744,0.699244801
1,4.778283289,0.657960403
1,4.714218167,0.728664718
1,4.830611602,0.629201165
1,4.809435328,0.647743875
1,4.755419534,0.620683805
1,4.762278176,0.652045172
1,4.734955075,0.645694666
1,4.733909112,0.632275942
1,4.753285529,0.670223645
1,4.762923621,0.62093272
1,4.798825069,0.616557237
1,4.770680942,0.564882907
1,4.778177687,0.64713708
1,4.804564665,0.573148812
1,4.822671595,0.598781807
1,4.818194151,0.602457433
1,4.728400932,0.560866058
1,4.847906647,0.582081666
1,4.783646909,0.59086468
1,4.82123029,0.555763333
1,4.815179636,0.534408678
1,4.787499432,0.548501328
1,4.815657338,0.619581185
1,4.829894209,0.529534536
1,4.763645217,0.528134416
1,4.860818403,0.562040704
1,4.785378101,0.581102769
1,4.794629494,0.53472964
1,4.800946748,0.530123755
1,4.803433791,0.502904314
1,4.803722902,0.580847511
1,4.767822938,0.545132749
1,4.816102024,0.525575982
1,4.863032411,0.459619227
1,4.856217109,0.490543355
1,4.805082033,0.491770197
1,4.835238329,0.496489313
1,4.852109437,0.472591155
1,4.86445138,0.485471732
1,4.882223669,0.513418976
1,4.831283101,0.456853131
1,4.880103761,0.520397362
1,4.888922581,0.453962788
1,4.858349713,0.496666836
1,4.820322933,0.435379991
1,4.832244486,0.479027763
1,4.820487203,0.415819958
1,4.861813678,0.435684882
1,4.850090566,0.389597359
1,4.854063957,0.404602454
1,4.830445632,0.368502493
1,4.874117227,0.42374371
1,4.886012083,0.397143792
1,4.853206202,0.341609511
1,4.843723137,0.366946534
1,4.867074049,0.387072477
1,4.884621995,0.398513478
1,4.890213584,0.326092849
1,4.905304235,0.329756754
1,4.86951708,0.333932752
1,4.904542423,0.297167047
1,4.905255278,0.32170095
1,4.863316899,0.297712889
1,4.865911524,0.294652068
1,4.865537043,0.360838657
1,4.888934369,0.28772039
1,4.932061455,0.331811754
1,4.910060152,0.29126033
1,4.920793638,0.282247063
1,4.879043497,0.277479214
1,4.890997078,0.305512313
1,4.933807849,0.223769632
1,4.894900843,0.234411955
1,4.946917229,0.319951938
1,4.893323533,0.291842222
1,4.931516403,0.271485861
1,4.944671624,0.276378045
1,4.926180325,0.225886236
1,4.96665377,0.211844465
1,4.920815065,0.225600165
1,4.955703735,0.265734062
1,4.966629742,0.266349029
1,4.887316894,0.228959103
1,4.932263709,0.193068224
1,4.939458125,0.196392673
1,4.898805572,0.175514938
1,4.909002408,0.166531575
1,4.935971632,0.193287325
1,4.912474707,0.134586958
1,4.912294657,0.193182508
1,4.971845699,0.12606763
1,4.958436932,0.148952404
1,4.921922453,0.164821675
1,4.910178487,0.108770469
1,4.942393133,0.074263096
1,4.931492148,0.097381205
1,4.904303053,0.104770229
1,4.961013578,0.115653054
1,5.027715118,0.113704246
1,4.93708838,0.133868945
1,4.984324721,0.07804522
1,4.96423101,0.064846842
1,4.958573092,0.084203801
1,5.03488165,0.107966773
1,4.938298968,0.037988252
1,4.954312383,0.085408189
1,5.033974379,0.050399944
1,4.974588921,0.014949105
1,5.018028203,0.074080687
1,5.010251581,0.072112613
1,4.923268878,0.077523581
1,4.985906483,0.019123423
1,4.976084218,0.063955924
1,5.049014591,0.055535007
1,5.048272418,0.002475505
1,4.950120795,7.16602E-4
1,4.965493326,-0.027073113
1,4.988602655,-0.045074875
1,4.974723229,-0.009699281
1,5.007272088,-0.036421253
1,4.997934041,-0.019832531
1,4.997147464,-0.004154983
1,4.982721729,-0.017822063
1,5.057040698,0.012381663
1,4.998252415,-0.028963234
1,4.9865997,-0.036191062
1,4.967836473,-0.10827723
1,4.992377477,-0.117839958
1,5.037006194,-0.06694041
1,5.053643654,-0.066112041
1,5.045508308,-0.111199204
1,5.054021747,-0.088681324
1,5.010259788,-0.059961805
1,5.054374927,-0.105989093
1,5.042298184,-0.117893666
1,5.010592182,-0.106573258
1,5.02985856,-0.130795157
1,5.050865248,-0.139643803
1,5.032190196,-0.081563102
1,4.975842276,-0.160771127
1,5.00789981,-0.082904978
1,5.040302554,-0.101095949
1,5.055355802,-0.15458267
1,5.016676207,-0.194837515
1,5.051874479,-0.187530483
1,5.11802464,-0.209300471
1,5.099740149,-0.168460448
1,5.049776546,-0.21841323
1,5.039564073,-0.213902623
1,5.023497971,-0.153968517
1,5.041565289,-0.242379468
1,5.068508022,-0.211404998
1,5.02849931,-0.232378578
1,5.079298566,-0.185669432
1,5.063468252,-0.202730605
1,5.027436442,-0.24868685
1,5.08315985,-0.31514977
1,5.086737085,-0.267398698
1,5.048650255,-0.219512436
1,5.092831379,-0.283439392
1,5.07495278,-0.310142585
1,5.056409947,-0.231983753
1,5.150174304,-0.256219189
1,5.069890005,-0.274716313
1,5.077721536,-0.312182737
1,5.12564931,-0.237237875
1,5.10626825,-0.273551045
1,5.079114271,-0.317056211
1,5.091835732,-0.275195723
1,5.090572971,-0.320239373
1,5.124132087,-0.339787528
1,5.080157726,-0.339438591
1,5.088476369,-0.355046359
1,5.138230946,-0.347987303
1,5.138637235,-0.39139833
1,5.113077269,-0.393706968
1,5.117603416,-0.397497269
1,5.129650046,-0.343216716
1,5.109183631,-0.36901387
1,5.149724331,-0.360126747
1,5.127394752,-0.435256848
1,5.114539071,-0.451106485
1,5.118747688,-0.370696972
1,5.146210933,-0.330107363
1,5.128212931,-0.387424799
1,5.139261553,-0.442499144
1,5.13893759,-0.437189651
1,5.112337337,-0.443864796
1,5.135984257,-0.352149288
1,5.128133813,-0.457868618
1,5.124289509,-0.442797968
1,5.18243042,-0.483210641
1,5.076360747,-0.45655892
1,5.181892179,-0.532015229
1,5.177122881,-0.427631276
1,5.161227358,-0.529493873
1,5.158600689,-0.45930942
1,5.184957464,-0.460484049
1,5.183999269,-0.453487845
1,5.128048721,-0.461693526
1,5.113288176,-0.496582641
1,5.177806535,-0.470752077
1,5.140650144,-0.503584106
1,5.212055945,-0.50262836
1,5.196667048,-0.520769646
1,5.158139058,-0.494962102
1,5.196169149,-0.497858818
1,5.1663878,-0.534185268
1,5.213375173,-0.573069457
1,5.200982231,-0.532184419
1,5.232577623,-0.492600675
1,5.227277118,-0.590639075
1,5.140905901,-0.602336481
1,5.213740636,-0.58316031
1,5.161842299,-0.578076643
1,5.192870218,-0.618423613
1,5.198748611,-0.615387331
1,5.174936125,-0.560698538
1,5.185943195,-0.613813213
1,5.248999514,-0.567074617
1,5.219045836,-0.593573567
1,5.180772939,-0.628370423
1,5.233558659,-0.611100209
1,5.19576635,-0.555737888
1,5.196311732,-0.64283265
1,5.201159951,-0.699272953
1,5.23369595,-0.60085098
1,5.236108732,-0.673474514
1,5.184674437,-0.616092992
1,5.204843643,-0.612429459
1,5.191975128,-0.63573327
1,5.199095517,-0.67261934
1,5.209673792,-0.623741394
1,5.256021221,-0.660190616
1,5.272627311,-0.699423906
1,5.184537429,-0.662249078
1,5.2398202,-0.677910514
1,5.212231683,-0.663308508
1,5.256963972,-0.728783368
1,5.242674899,-0.657387933
1,5.243223528,-0.637393688
1,5.250157232,-0.710044094
1,5.211549442,-0.70648399
1,5.269921443,-0.654930633
1,5.229689221,-0.722243136
1,5.258324576,-0.710247625
1,5.270903136,-0.680254708
1,5.281327255,-0.745764008
1,5.334096272,-0.749776482
1,5.276739274,-0.692744722
1,5.312800156,-0.772008143
1,5.262845993,-0.769160704
1,5.265818431,-0.75476145
1,5.233817032,-0.742881378
1,5.286606178,-0.764200279
1,5.262623439,-0.77258904
1,5.2115051,-0.80169936
1,5.252676987,-0.765966441
1,5.288691947,-0.78708969
1,5.301521365,-0.770892143
1,5.311610391,-0.783579117
1,5.290833543,-0.767659915
1,5.290919103,-0.758058057
1,5.273339891,-0.780212176
1,5.289498548,-0.784756604
1,5.270921173,-0.777618887
1,5.225783176,-0.826080656
1,5.364928024,-0.759353594
1,5.304068796,-0.842964865
1,5.28650774,-0.836853888
1,5.322827512,-0.770597387
1,5.30393461,-0.825120867
1,5.30522924,-0.789605358
1,5.303611901,-0.821128913
1,5.283905197,-0.811996407
1,5.278659993,-0.823816346
1,5.289882145,-0.747294268
1,5.327489678,-0.868684024
1,5.315983609,-0.809412431
1,5.324470827,-0.897853275
1,5.350153815,-0.860235802
1,5.299757289,-0.815429614
1,5.335904512,-0.892727702
1,5.381587467,-0.830606436
1,5.294562316,-0.860227776
1,5.359431941,-0.892966647
1,5.350185056,-0.876889297
1,5.333602394,-0.907416278
1,5.382377962,-0.864890464
1,5.342785535,-0.876280774
1,5.388613027,-0.89211727
1,5.327290829,-0.876060715
1,5.377171042,-0.902530395
1,5.313493841,-0.94525842
1,5.32003472,-0.850587071
1,5.385692474,-0.934518681
1,5.352347643,-0.892814633
1,5.34015645,-0.894915208
1,5.340491282,-0.940849987
1,5.335199728,-0.891743164
1,5.353042216,-0.9242077
1,5.366884353,-0.944512581
1,5.35383273,-0.898079409
1,5.401807267,-0.92114043
1,5.380893691,-0.945910031
1,5.361565219,-0.937270798
1,5.393711793,-0.934876065
1,5.41436877,-0.960424962
1,5.391068099,-0.951452755
1,5.384792686,-0.930700182
1,5.321624059,-0.942788816
1,5.367208654,-0.879698683
1,5.421390864,-0.945840907
1,5.374605135,-0.949506284
1,5.40120302,-0.914426398
1,5.393292564,-0.921920203
1,5.389079418,-0.914445507
1,5.386642321,-0.984337731
1,5.436222711,-0.924987343
1,5.388380555,-0.972555921
1,5.447441325,-0.965842054
1,5.413862755,-0.923757042
1,5.410989275,-0.988948593
1,5.403806832,-0.927294274
1,5.392886443,-0.929488756
1,5.411256155,-0.994435726
1,5.391219042,-0.939717746
1,5.429970237,-0.960460499
1,5.377530064,-0.934294641
1,5.420065244,-0.959150217
1,5.466274201,-1.008014328
1,5.440856798,-1.014406275
1,5.372312415,-0.937216176
1,5.434296937,-0.964334258
1,5.403845083,-0.967960935
1,5.412344799,-0.96534051
1,5.41208913,-0.969843287
1,5.521670502,-0.957322332
1,5.42792856,-0.990497246
1,5.398484243,-0.981284072
1,5.477732348,-0.95093956
1,5.428933582,-0.975658385
1,5.459191597,-0.986005759
1,5.43083578,-1.010373748
1,5.454130618,-1.002138252
1,5.443166282,-0.974500904
1,5.479432261,-0.992974773
1,5.469317478,-0.954669292
1,5.444472925,-0.981763877
1,5.479024852,-1.000945199
1,5.458942175,-0.994888666
1,5.445333642,-0.950771747
1,5.470154403,-1.018493821
1,5.462314276,-0.95239978
1,5.420453502,-0.981014192
1,5.501545354,-0.974799778
1,5.436816994,-0.943852055
1,5.470851696,-0.989330652
1,5.463423937,-0.9998614
1,5.44284732,-1.009695574
1,5.461892239,-1.007231975
1,5.498202795,-0.997487076
1,5.518547379,-0.996286505
1,5.41019403,-1.014454637
1,5.527535791,-0.968329754
1,5.55553243,-1.022177215
1,5.538192994,-0.994862791
1,5.521209059,-0.990498467
1,5.514962025,-0.993173338
1,5.490803347,-1.071254506
1,5.468827407,-1.046200805
1,5.493631751,-1.073600257
1,5.520474292,-0.970367554
1,5.467257719,-1.002896132
1,5.498703706,-1.013266162
1,5.540026348,-1.005496995
1,5.500822944,-1.031437361
1,5.523148011,-0.98923696
1,5.525188762,-0.987016453
1,5.545969123,-0.966319231
1,5.508321784,-0.99403064
1,5.541708244,-0.994538039
1,5.540292998,-1.026238305
1,5.55072453,-1.009475722
1,5.528618291,-0.935855851
1,5.533531509,-0.984476169
1,5.463801058,-0.966252916
1,5.588122207,-1.026788589
1,5.535293251,-1.013568058
1,5.483808793,-1.031212064
1,5.544677499,-0.988944903
1,5.568732446,-0.998923886
1,5.540006372,-0.941048163
1,5.530116638,-1.010936259
1,5.569168839,-0.968881902
1,5.554986318,-0.984021282
1,5.53755785,-0.946718992
1,5.56622684,-0.959707265
1,5.59564963,-0.95979283
1,5.501814084,-0.947500225
1,5.549841354,-0.975641725
1,5.573109638,-1.028627015
1,5.615566919,-0.966636549
1,5.592972708,-0.978712912
1,5.589655232,-0.974096006
1,5.567865357,-0.939715062
1,5.576032351,-1.002915579
1,5.597045657,-0.991743745
1,5.563557745,-0.983516034
1,5.617473586,-0.961143099
1,5.55269783,-0.973487933
1,5.605814387,-0.967385642
1,5.575411271,-1.024572561
1,5.556137646,-0.958922196
1,5.539738486,-0.97106613
1,5.580592963,-0.975435681
1,5.56975427,-0.9276799
1,5.549222669,-0.929286154
1,5.593075224,-0.95724107
1,5.622931251,-0.932344852
1,5.699673209,-0.987027138
1,5.63165987,-0.910129303
1,5.630521279,-0.93468443
1,5.630694615,-1.022189082
1,5.637736007,-0.925293477
1,5.644141946,-0.94434039
1,5.619914118,-0.934484212
1,5.575815202,-0.88104337
1,5.560505238,-0.92614421
1,5.601529547,-0.902843147
1,5.62823029,-0.98782865
1,5.669307699,-0.942852935
1,5.586692054,-0.940936462
1,5.650123236,-0.925825874
1,5.550427549,-0.869299668
1,5.62588766,-0.880375547
1,5.670525326,-0.893641314
1,5.642893671,-0.861947115
1,5.598946166,-0.921865308
1,5.605406087,-0.913550298
1,5.601450968,-0.856973004
1,5.653123356,-0.877745479
1,5.668040124,-0.840433393
1,5.632244574,-0.929806195
1,5.620501852,-0.868761426
1,5.661187831,-0.873901565
1,5.664704529,-0.888248595
1,5.608385939,-0.870344035
1,5.710129198,-0.908799519
1,5.694321636,-0.828861918
1,5.64077456,-0.867869016
1,5.675866756,-0.830938924
1,5.702860268,-0.856886013
1,5.676081789,-0.873815755
1,5.679695006,-0.907321758
1,5.691782289,-0.781876794
1,5.711778803,-0.892410807
1,5.71898092,-0.89425197
1,5.720044911,-0.839276052
1,5.639250506,-0.870488125
1,5.692001685,-0.805245696
1,5.664817315,-0.864387388
1,5.670000375,-0.80492788
1,5.718831434,-0.821186287
1,5.737524565,-0.823541783
1,5.71477729,-0.844730372
1,5.706435819,-0.805663868
1,5.686295789,-0.819804445
1,5.721839058,-0.778140853
1,5.668886452,-0.817742049
1,5.747293774,-0.779621912
1,5.768851079,-0.804557219
1,5.704703186,-0.796281857
1,5.707229311,-0.751712907
1,5.745078537,-0.659678202
1,5.756372358,-0.842018575
1,5.698075935,-0.766391147
1,5.698761288,-0.780332215
1,5.719286386,-0.779856845
1,5.669651285,-0.761726577
1,5.696496225,-0.749338902
1,5.652696147,-0.749938729
1,5.724774303,-0.7391907
1,5.716012376,-0.77871571
1,5.729097221,-0.734925681
1,5.709200719,-0.770362285
1,5.724749025,-0.784355977
1,5.685124115,-0.785545671
1,5.751614479,-0.719467642
1,5.745773823,-0.623441107
1,5.759518623,-0.696861889
1,5.742289974,-0.760222069
1,5.78927976,-0.672156345
1,5.765559888,-0.763767253
1,5.774603805,-0.688070311
1,5.819989328,-0.691751348
1,5.737249344,-0.717263385
1,5.750882947,-0.697682557
1,5.79433183,-0.612068635
1,5.727210452,-0.681034959
1,5.759613318,-0.724295979
1,5.773262506,-0.681146775
1,5.751662977,-0.625856168
1,5.791784042,-0.678402338
1,5.800027462,-0.662921441
1,5.757423779,-0.647526639
1,5.747545139,-0.654407232
1,5.764496903,-0.645911932
1,5.778374241,-0.57335909
1,5.807147168,-0.642420953
1,5.814231583,-0.598082173
1,5.816611056,-0.616372624
1,5.749707224,-0.594290237
1,5.80293483,-0.637845004
1,5.850167302,-0.613324066
1,5.821043111,-0.628389292
1,5.840216701,-0.600949787
1,5.784074048,-0.562262046
1,5.794973476,-0.53160398
1,5.859058835,-0.573932949
1,5.880404913,-0.590363438
1,5.782885314,-0.605554436
1,5.772770974,-0.549433723
1,5.799631459,-0.53405259
1,5.823171797,-0.570622947
1,5.802647054,-0.572088159
1,5.824296243,-0.548287444
1,5.844818594,-0.626680791
1,5.876879855,-0.564234018
1,5.848850502,-0.580893224
1,5.845809216,-0.556039131
1,5.898220814,-0.513348744
1,5.832992098,-0.532883761
1,5.820536262,-0.502626467
1,5.834713867,-0.503387325
1,5.7959938,-0.527837049
1,5.850961992,-0.47440877
1,5.814701294,-0.429865779
1,5.842727631,-0.432330333
1,5.823089653,-0.422633395
1,5.853729232,-0.445524826
1,5.809727543,-0.457044049
1,5.906412997,-0.453271044
1,5.85445431,-0.420145628
1,5.875143698,-0.44538054
1,5.86497898,-0.414924807
1,5.858184958,-0.462072022
1,5.894179577,-0.418950132
1,5.864077168,-0.385969508
1,5.810421851,-0.378095954
1,5.871122747,-0.393493112
1,5.896638769,-0.450719409
1,5.927815352,-0.401185866
1,5.803841746,-0.440619227
1,5.912181727,-0.380180862
1,5.87438233,-0.370439835
1,5.84871931,-0.363008437
1,5.864695732,-0.360277732
1,5.930014968,-0.34333186
1,5.926123657,-0.321064145
1,5.889008689,-0.355654538
1,5.909327409,-0.379680253
1,5.886103877,-0.322489179
1,5.908702895,-0.351073931
1,5.900835663,-0.326660872
1,5.861301136,-0.348450824
1,5.884988442,-0.282938105
1,5.921750171,-0.269287653
1,5.928415978,-0.292951613
1,5.904951345,-0.29086595
1,5.945213442,-0.282978201
1,5.938722255,-0.286032296
1,5.847276232,-0.288472884
1,5.915988084,-0.292902798
1,5.912597458,-0.312029315
1,5.895800192,-0.284853755
1,5.91115385,-0.240966491
1,5.936993062,-0.217290117
1,5.952256233,-0.255668021
1,5.970042382,-0.233698612
1,5.896349521,-0.258680135
1,5.899319443,-0.262864559
1,5.968876779,-0.226027226
1,5.962375134,-0.227411939
1,5.976859744,-0.195445383
1,5.907664768,-0.175773882
1,5.956115567,-0.240332485
1,5.898128846,-0.18322051
1,5.920935832,-0.196820443
1,5.966923493,-0.166067157
1,5.977581935,-0.159960121
1,5.99176135,-0.173202796
1,5.95423797,-0.158348196
1,5.955983513,-0.182975384
1,5.974863497,-0.163174149
1,5.925651179,-0.060901041
1,5.926904694,-0.200449829
1,5.951249788,-0.151686242
1,6.016257199,-0.103851206
1,5.972278719,-0.124999206
1,5.964250506,-0.160890939
1,5.948271932,-0.067336981
1,5.933991906,-0.117432886
1,5.987337192,-0.078312326
1,5.997509301,-0.053677604
1,5.966117702,-0.004133886
1,5.973894139,-0.042478805
1,5.975951699,-0.055009112
1,5.938399465,-0.045357547
1,5.975124078,-0.094555548
1,5.99436212,-0.113450392
1,5.999536173,-0.00718351
1,5.971457517,-0.018554726
1,6.001530854,-0.045142898
1,5.996588079,-0.054405917
1,6.01661561,0.01672914
1,5.997124228,-0.022155281
1,6.059624458,-0.051839657
3,2.904780515,0.202665034
3,2.946445995,0.282944638
3,2.908941711,0.213193374
3,2.947527614,0.235154935
3,2.927724883,0.267256935
3,2.982788378,0.198016824
3,2.91532004,0.220689917
3,2.952136363,0.252272994
3,2.951031099,0.193006133
3,2.966071179,0.217155326
3,2.933139159,0.211361663
3,2.946051582,0.24208677
3,2.93447524,0.219215472
3,2.979590146,0.159031142
3,2.966409031,0.195786848
3,2.997118751,0.123739227
3,2.925814151,0.16126101
3,2.88101338,0.104430476
3,2.899750334,0.165004471
3,2.937092363,0.227851789
3,2.982345718,0.156006343
3,2.955203102,0.115952097
3,2.986443462,0.154496198
3,3.007778464,0.15411417
3,2.998777762,0.105867627
3,2.967216057,0.073987247
3,2.965966829,0.105885168
3,2.930262547,0.075599549
3,2.961772032,0.084403098
3,2.966192074,0.065633799
3,2.938735658,0.034297328
3,2.941165071,0.072041562
3,2.994971268,3.27788E-4
3,2.950294955,0.039165529
3,3.002296231,0.050241255
3,3.013816104,-0.002890677
3,2.970317473,-0.009120647
3,2.994688105,6.88761E-4
3,3.016868078,-0.031833626
3,2.998420481,-0.052303271
3,2.970725366,0.003922785
3,3.011944391,0.009964011
3,2.949263884,0.007893595
3,3.027984534,-0.036517779
3,3.036481857,-0.035718861
3,2.982566117,-0.019520239
3,3.029704624,-0.017540154
3,3.020932783,-0.019943402
3,3.004685092,-0.023378394
3,3.034667735,-0.097048828
3,3.000627742,-0.028196333
3,3.009152813,-0.081269569
3,3.014292598,-0.04121107
3,2.986306936,-0.051901262
3,3.049999122,-0.066293495
3,3.008466595,-0.121722537
3,3.057314078,-0.081802564
3,3.035664884,-0.094934357
3,3.046235997,-0.095636794
3,3.071912782,-0.092975817
3,3.040624188,-0.089723254
3,3.096899792,-0.117767814
3,3.071658693,-0.164297187
3,3.078474276,-0.154817314
3,3.035891594,-0.123486957
3,3.035784837,-0.215613673
3,2.990443841,-0.197989545
3,3.068386409,-0.177580154
3,3.044032617,-0.201097315
3,3.112347204,-0.182277331
3,3.033802761,-0.173451532
3,3.01284623,-0.203047355
3,3.064969472,-0.130858114
3,3.072961838,-0.19030707
3,3.089357546,-0.174673739
3,3.051936982,-0.201299817
3,3.019156375,-0.203905366
3,3.038033809,-0.229131703
3,3.080183419,-0.255756931
3,3.114299122,-0.251964395
3,3.059042128,-0.222253861
3,3.119558358,-0.243366467
3,3.050421154,-0.223515325
3,3.061372358,-0.321602251
3,3.056185603,-0.220649768
3,3.149788996,-0.266484104
3,3.092773581,-0.332395587
3,3.038103281,-0.262519917
3,3.086508786,-0.314450767
3,3.080333033,-0.311224814
3,3.094277631,-0.335821025
3,3.106271133,-0.300667438
3,3.126757522,-0.330055597
3,3.151665751,-0.330886999
3,3.122104608,-0.340610026
3,3.159220146,-0.347121629
3,3.137843866,-0.349430132
3,3.140347043,-0.311908122
3,3.109207334,-0.360554164
3,3.099138166,-0.362135929
3,3.105023111,-0.41868362
3,3.111858684,-0.359383081
3,3.099417288,-0.393279907
3,3.105794805,-0.380977345
3,3.101446851,-0.42293081
3,3.174296895,-0.408095651
3,3.146249033,-0.432305348
3,3.191291372,-0.402628621
3,3.168947518,-0.385511015
3,3.135750452,-0.404932289
3,3.119338028,-0.4166949
3,3.165674854,-0.441844713
3,3.124904561,-0.437601337
3,3.166813111,-0.466668948
3,3.114468595,-0.451484806
3,3.14005477,-0.427679314
3,3.182321753,-0.485986344
3,3.094861801,-0.506703558
3,3.118051433,-0.503832856
3,3.15337428,-0.483082063
3,3.206151814,-0.454095102
3,3.159218335,-0.518916348
3,3.166709994,-0.476860245
3,3.177337628,-0.503755872
3,3.135950496,-0.451146016
3,3.151512666,-0.502320106
3,3.190805683,-0.508250598
3,3.148973711,-0.465370165
3,3.090403578,-0.505705177
3,3.221175465,-0.529191743
3,3.174606647,-0.549036041
3,3.252957586,-0.487158603
3,3.180998481,-0.548746451
3,3.15944127,-0.500270386
3,3.137805415,-0.577632389
3,3.174849046,-0.589563206
3,3.153376755,-0.540860354
3,3.189904079,-0.581858314
3,3.186301321,-0.575641637
3,3.167533913,-0.583911178
3,3.172190642,-0.558428526
3,3.214677373,-0.598200927
3,3.211934873,-0.618408409
3,3.185680535,-0.616540295
3,3.212211438,-0.601326522
3,3.14716064,-0.637338894
3,3.195360227,-0.619364764
3,3.196596619,-0.598227794
3,3.252876049,-0.592573538
3,3.227608392,-0.595215378
3,3.25347855,-0.615925327
3,3.279867376,-0.645009938
3,3.232440615,-0.655906056
3,3.204928777,-0.676451659
3,3.203155239,-0.69034013
3,3.218962491,-0.677802709
3,3.276710785,-0.645473866
3,3.173972135,-0.630951129
3,3.217974545,-0.718023379
3,3.251935149,-0.638579352
3,3.246750573,-0.667835612
3,3.21605062,-0.689031861
3,3.239050673,-0.696045015
3,3.265995724,-0.71684276
3,3.236330842,-0.711590988
3,3.260450187,-0.664877356
3,3.303292246,-0.644358552
3,3.221863005,-0.733469456
3,3.312263025,-0.704675683
3,3.239416361,-0.678273761
3,3.211388378,-0.738572441
3,3.231868307,-0.695400511
3,3.320704202,-0.710998806
3,3.30891295,-0.690608107
3,3.286898136,-0.756996911
3,3.295237116,-0.736039346
3,3.236400732,-0.766866553
3,3.316875457,-0.788827124
3,3.283713961,-0.78120244
3,3.292799926,-0.791969769
3,3.240300954,-0.759840998
3,3.253416832,-0.731236211
3,3.297634197,-0.784739723
3,3.273603176,-0.838409424
3,3.285684632,-0.716876158
3,3.297232516,-0.81701921
3,3.300041736,-0.768292376
3,3.252314685,-0.778186841
3,3.336844817,-0.790949917
3,3.286984166,-0.831996219
3,3.300103829,-0.83563522
3,3.29003821,-0.821512015
3,3.300580841,-0.798728834
3,3.291361209,-0.814250336
3,3.254586406,-0.789882024
3,3.278258459,-0.831954079
3,3.315096044,-0.80023364
3,3.287969333,-0.829791229
3,3.296367171,-0.866689675
3,3.314909954,-0.842644765
3,3.316778502,-0.871858904
3,3.304565831,-0.834333554
3,3.342835584,-0.855790864
3,3.383703354,-0.88148622
3,3.285780684,-0.805234385
3,3.300177307,-0.863199397
3,3.300255827,-0.895945549
3,3.308795859,-0.868809896
3,3.320567795,-0.841054461
3,3.323444871,-0.832110054
3,3.313328478,-0.920048405
3,3.348846764,-0.836697865
3,3.33501705,-0.842255224
3,3.336696472,-0.901272051
3,3.308847663,-0.853109629
3,3.309125804,-0.897923436
3,3.326621039,-0.914202949
3,3.343489429,-0.889541591
3,3.361081057,-0.921974557
3,3.366223752,-0.883955472
3,3.353792827,-0.908951339
3,3.323723521,-0.895516883
3,3.411384677,-0.885010132
3,3.360550063,-0.892811404
3,3.371552866,-0.895505202
3,3.371698001,-0.91495435
3,3.417694915,-0.914059488
3,3.3911525,-0.896891096
3,3.413808727,-0.927342048
3,3.394854255,-0.923109379
3,3.363511322,-0.930512572
3,3.39812994,-0.952190784
3,3.429498212,-0.87555687
3,3.362128897,-0.944735976
3,3.399848602,-0.924463526
3,3.42954959,-0.940875845
3,3.437826921,-0.96593085
3,3.394410423,-0.933285851
3,3.364993149,-0.943287419
3,3.388044769,-0.921367527
3,3.414370585,-0.893483592
3,3.429882899,-0.947969775
3,3.344448544,-0.956911376
3,3.38094105,-0.88316599
3,3.40831737,-0.945443828
3,3.419866925,-0.961896762
3,3.355128899,-0.89755012
3,3.422772794,-0.985858014
3,3.407180651,-0.915909038
3,3.420656169,-0.96002377
3,3.407868075,-1.012751244
3,3.398717801,-0.99458166
3,3.424144433,-0.965457977
3,3.418534258,-0.949701258
3,3.415572958,-0.966065791
3,3.401968119,-1.00400303
3,3.421192827,-0.951182673
3,3.437823995,-0.968337375
3,3.412696248,-0.999211127
3,3.453185144,-0.966498524
3,3.398221222,-1.02608678
3,3.470479047,-0.983112724
3,3.437186633,-0.97208015
3,3.440785178,-0.978179282
3,3.460041918,-1.034126825
3,3.44844214,-0.987818875
3,3.46211427,-0.978530709
3,3.414706697,-0.984695969
3,3.424015747,-1.000202522
3,3.459167661,-0.961798638
3,3.471943969,-0.983306439
3,3.4173033,-0.988782982
3,3.497185662,-1.056350104
3,3.477864834,-1.067408405
3,3.456854284,-0.982353793
3,3.416826403,-0.972168723
3,3.476097129,-0.966801481
3,3.486604892,-1.009510742
3,3.483770192,-0.997268862
3,3.419345733,-0.987008056
3,3.488134162,-0.98488257
3,3.483386124,-1.001574839
3,3.401411413,-0.951950864
3,3.456268639,-1.020349104
3,3.511005159,-1.01602769
3,3.45802547,-0.980051461
3,3.482381497,-1.03315756
3,3.541437806,-1.008884516
3,3.470778758,-1.04044954
3,3.486222196,-0.953324555
3,3.516843936,-1.030806646
3,3.493941731,-0.974168019
3,3.548744721,-1.003870694
3,3.479466831,-0.991265851
3,3.472058629,-0.97338284
3,3.479673589,-1.018331947
3,3.45026843,-1.028065159
3,3.51973847,-0.963343556
3,3.547269003,-1.047412936
3,3.505301111,-0.99899545
3,3.517561581,-0.99188892
3,3.525405722,-1.013642221
3,3.514812543,-1.018402963
3,3.503452676,-0.969180817
3,3.48974347,-1.007489493
3,3.492528916,-0.976793881
3,3.497335014,-1.046516201
3,3.493289211,-0.978582215
3,3.598060486,-1.011606553
3,3.560755672,-0.945218186
3,3.574477665,-0.944465265
3,3.522001836,-0.960912301
3,3.534667795,-1.035859634
3,3.533314641,-0.979825719
3,3.601047386,-0.962645345
3,3.555569069,-0.95913091
3,3.534563172,-1.02700795
3,3.53138053,-1.022249883
3,3.583471658,-0.989704992
3,3.520298801,-0.990783623
3,3.532631544,-0.992874059
3,3.602728409,-0.937542945
3,3.539678548,-0.992321827
3,3.576723207,-0.976431581
3,3.550667061,-0.947910788
3,3.525424485,-0.900867744
3,3.559261335,-0.963877209
3,3.550814155,-1.005146775
3,3.608018825,-0.971942151
3,3.582927382,-0.967859727
3,3.598888568,-0.917942387
3,3.599961322,-0.947957207
3,3.619169061,-0.940041596
3,3.549497058,-0.973307053
3,3.537244586,-0.9462744
3,3.645074782,-0.914624843
3,3.617630872,-0.988430759
3,3.569884414,-0.953128365
3,3.590045086,-0.930674245
3,3.635431757,-0.962398131
3,3.595847215,-0.92012308
3,3.614678411,-1.001461127
3,3.577654236,-0.971662892
3,3.564222427,-0.952542731
3,3.609942465,-0.903248177
3,3.629186403,-0.908105132
3,3.587389368,-0.931223028
3,3.661071126,-0.958167693
3,3.634197899,-0.898343222
3,3.584805645,-0.919690442
3,3.590797392,-0.946312205
3,3.600017398,-0.944837074
3,3.612733419,-0.952552192
3,3.605150283,-0.910050103
3,3.676107608,-0.968924643
3,3.619839726,-0.909982445
3,3.644531008,-0.889174099
3,3.635940504,-0.967498571
3,3.654032839,-0.885746911
3,3.619520533,-0.919630979
3,3.620519201,-0.912410752
3,3.611946002,-0.86918383
3,3.605616351,-0.913569315
3,3.683679602,-0.887844863
3,3.635145345,-0.909432337
3,3.659614138,-0.866758116
3,3.671533258,-0.838924102
3,3.621735012,-0.893537631
3,3.593203569,-0.872963176
3,3.678029754,-0.879832203
3,3.607404489,-0.94116765
3,3.714628115,-0.913780626
3,3.690089484,-0.878409216
3,3.661648926,-0.888494831
3,3.683066267,-0.871786617
3,3.635944827,-0.873299082
3,3.669486313,-0.864711995
3,3.685340562,-0.845474499
3,3.598574294,-0.877932214
3,3.672579501,-0.836770373
3,3.698547485,-0.831484823
3,3.668586532,-0.801036225
3,3.657721036,-0.885081514
3,3.696762662,-0.808602258
3,3.715112495,-0.818409027
3,3.714243369,-0.825853907
3,3.736970658,-0.786497841
3,3.694775845,-0.800056899
3,3.727300732,-0.774953713
3,3.692028575,-0.77860526
3,3.730798783,-0.783437526
3,3.736008575,-0.812235495
3,3.720584977,-0.77257883
3,3.690738954,-0.839990781
3,3.725763505,-0.791763557
3,3.721500588,-0.794382463
3,3.684605537,-0.775673461
3,3.739993626,-0.777537413
3,3.70759819,-0.783611973
3,3.709159152,-0.819895445
3,3.725951925,-0.742640864
3,3.721756446,-0.787451259
3,3.741879525,-0.730220792
3,3.737644644,-0.747635371
3,3.732648619,-0.775601239
3,3.731968107,-0.720392187
3,3.728319823,-0.728923093
3,3.730183473,-0.72823369
3,3.715411783,-0.777450175
3,3.662939317,-0.71555295
3,3.748404372,-0.711412735
3,3.75713479,-0.782295856
3,3.745101364,-0.666607698
3,3.77192019,-0.724834064
3,3.731954028,-0.726895083
3,3.755744035,-0.705974881
3,3.723163048,-0.720739523
3,3.743509517,-0.66975492
3,3.784533906,-0.689088772
3,3.718172172,-0.686448774
3,3.781503137,-0.694904411
3,3.7207897,-0.707515096
3,3.785476604,-0.682013256
3,3.775496494,-0.665989942
3,3.788561721,-0.641969823
3,3.781245117,-0.649417494
3,3.781015644,-0.695652774
3,3.799824518,-0.625153711
3,3.78387287,-0.659023945
3,3.758964903,-0.693994259
3,3.77889154,-0.624037319
3,3.808808705,-0.641190088
3,3.767523087,-0.580957862
3,3.835348692,-0.555932785
3,3.757882734,-0.661303025
3,3.792877893,-0.606188704
3,3.810549795,-0.627661637
3,3.786035957,-0.617179446
3,3.73487003,-0.627593332
3,3.7980197,-0.610373832
3,3.823253979,-0.575051611
3,3.808970264,-0.569175468
3,3.863642492,-0.590244598
3,3.883907634,-0.521837973
3,3.84394134,-0.631497398
3,3.791052532,-0.606785363
3,3.816063339,-0.593835409
3,3.798800895,-0.512539014
3,3.777152243,-0.607046393
3,3.793571875,-0.554083585
3,3.838517773,-0.537574871
3,3.809429624,-0.528788589
3,3.787853469,-0.521480228
3,3.855100933,-0.525782237
3,3.861568941,-0.529795998
3,3.858596792,-0.554819152
3,3.831357498,-0.491947844
3,3.800558758,-0.547919731
3,3.816264711,-0.505955365
3,3.876705104,-0.522896846
3,3.869326674,-0.495029773
3,3.821423935,-0.492284097
3,3.906085956,-0.4947181
3,3.889418094,-0.468137306
3,3.830922011,-0.443976321
3,3.85159081,-0.462150703
3,3.864461549,-0.468269626
3,3.91551122,-0.445412412
3,3.878200132,-0.412250658
3,3.827998054,-0.39294061
3,3.887548796,-0.453856607
3,3.869462275,-0.453209215
3,3.898911051,-0.420883347
3,3.891291509,-0.412597881
3,3.874040861,-0.423475529
3,3.854225886,-0.408546769
3,3.942769475,-0.37103154
3,3.888852905,-0.374882363
3,3.94595025,-0.371864369
3,3.895652217,-0.398183465
3,3.877439285,-0.405100575
3,3.896375866,-0.388206512
3,3.922943877,-0.332909843
3,3.882011944,-0.36714823
3,3.844766986,-0.325014371
3,3.913744643,-0.347629507
3,3.953120992,-0.320912355
3,3.910059576,-0.332125916
3,3.917059254,-0.349172552
3,3.893110839,-0.350800532
3,3.861062129,-0.370116151
3,3.947692571,-0.369972449
3,3.972656857,-0.280113938
3,3.840560421,-0.299752186
3,3.932544569,-0.311687423
3,3.931871587,-0.316151678
3,3.912945978,-0.233279307
3,3.923226982,-0.23578172
3,3.915965906,-0.28731122
3,3.931406697,-0.259230796
3,3.981903512,-0.279358752
3,3.92296965,-0.292541835
3,3.970809942,-0.2227861
3,3.966513137,-0.244095919
3,3.939512699,-0.191348459
3,3.91920048,-0.207194276
3,3.887829404,-0.226937312
3,3.928413621,-0.233007866
3,3.886689517,-0.197235096
3,3.943206064,-0.181036631
3,3.967055573,-0.219785367
3,3.94786856,-0.183030823
3,3.977926503,-0.153463584
3,3.920484602,-0.22947511
3,3.921644554,-0.139165541
3,3.947778522,-0.168748731
3,3.929097708,-0.175185191
3,3.965896118,-0.127481694
3,3.969191996,-0.138610255
3,3.991070605,-0.143202219
3,3.957511438,-0.160949986
3,3.966018262,-0.129757515
3,3.931403703,-0.102439712
3,3.972099876,-0.051011971
3,3.981501826,-0.091076541
3,3.962707847,-0.133134293
3,3.934410485,-0.083957289
3,4.018012744,-0.076517264
3,4.002596899,-0.096294916
3,3.985406863,-0.083240953
3,3.95423453,-0.046737165
3,3.971583319,-0.159298654
3,4.040043076,-0.06548127
3,3.995489437,-0.063875943
3,3.990693776,-0.051806039
3,3.986156561,-0.05073704
3,3.95689003,-0.045174224
3,4.000825185,-0.030973392
3,4.041930174,0.074014824
3,3.973326128,-0.038736743
3,3.96641028,-0.035551132
3,3.996636756,0.010362678
3,4.006646359,-0.032922126
3,4.049771351,0.041325027
3,3.976414836,0.011732763
3,3.993426329,0.023295178
3,3.990802478,0.009951056
3,4.017442419,0.028612351
3,4.013934777,0.033422506
3,4.011653908,0.05666646
3,3.998375735,0.098085978
3,4.038153836,-0.019871313
3,4.0021189,0.088377785
3,4.052071989,0.032532626
3,4.078990871,0.080398068
3,3.982921239,0.075102311
3,4.010521339,0.141221921
3,3.966268553,0.076148924
3,4.045605452,0.128898903
3,3.987255528,0.153897126
3,3.995734816,0.092632172
3,4.029603221,0.150618416
3,4.058521908,0.131717016
3,4.070319619,0.121484061
3,4.093166481,0.146769162
3,3.992753258,0.123103575
3,4.020430553,0.122539608
3,4.071823578,0.126402699
3,4.053994046,0.165187231
3,4.032791396,0.178286758
3,4.03692007,0.236644864
3,4.014699108,0.195334456
3,4.047008611,0.18726436
3,4.012088618,0.224959326
3,4.072482693,0.238730475
3,4.086633143,0.188142416
3,4.033344873,0.202818155
3,4.087586133,0.191122661
3,4.066653414,0.16481749
3,4.046467608,0.250702488
3,4.092596726,0.259527481
3,4.052651387,0.19540597
3,4.074860395,0.306631473
3,4.073521713,0.283500761
3,4.106837906,0.210969065
3,4.052036621,0.283627469
