-1.57079	1.923670
-1.58048	-0.03161
-1.58952	-0.06361
-1.59791	-0.09599
-1.60564	-0.12872
-1.61269	-0.16180
-1.61906	-0.19522
-1.62474	-0.22896
-1.62971	-0.26300
-1.63396	-0.29733
-1.63749	-0.33193
-1.64028	-0.36679
-1.64233	-0.40190
-1.64363	-0.43724
-1.64417	-0.47278
-1.64393	-0.50853
-1.64293	-0.54445
-1.64114	-0.58053
-1.63856	-0.61676
-1.63518	-0.65311
-1.63101	-0.68958
-1.62602	-0.72613
-1.62022	-0.76277
-1.61360	-0.79946
-1.60616	-0.83618
-1.59789	-0.87293
-1.58880	-0.90968
-1.57886	-0.94641
-1.56809	-0.98311
-1.55648	-1.01976
-1.54403	-1.05633
-1.53073	-1.09280
-1.51659	-1.12917
-1.50161	-1.16541
-1.48578	-1.20149
-1.46910	-1.23741
-1.45158	-1.27313
-1.43321	-1.30865
-1.41400	-1.34394
-1.39395	-1.37898
-1.37306	-1.41376
-1.35134	-1.44825
-1.32878	-1.48243
-1.30539	-1.51628
-1.28118	-1.54979
-1.25614	-1.58294
-1.23029	-1.61570
-1.20363	-1.64806
-1.17617	-1.67999
-1.14791	-1.71148
-1.11885	-1.74251
-1.08901	-1.77306
-1.05840	-1.80311
-1.02702	-1.83264
-0.99487	-1.86163
-0.96198	-1.89006
-0.92835	-1.91793
-0.89398	-1.94519
-0.85889	-1.97185
-0.82310	-1.99788
-0.78660	-2.02326
-0.74942	-2.04798
-0.71156	-2.07202
-0.67304	-2.09535
-0.63386	-2.11797
-0.59406	-2.13986
-0.55362	-2.16100
-0.51258	-2.18138
-0.47095	-2.20097
-0.42873	-2.21977
-0.38596	-2.23775
-0.34263	-2.25491
-0.29877	-2.27122
-0.25439	-2.28668
-0.20952	-2.30127
-0.16416	-2.31498
-0.11834	-2.32778
-0.07207	-2.33968
-0.02537	-2.35065
0.021727	-2.36069
0.069226	-2.36978
0.117096	-2.37791
0.165319	-2.38507
0.213875	-2.39125
0.262744	-2.39643
0.311906	-2.40061
0.361339	-2.40378
0.411023	-2.40593
0.460938	-2.40706
0.511060	-2.40714
0.561370	-2.40617
0.611844	-2.40416
0.662461	-2.40108
0.713199	-2.39694
0.764035	-2.39172
0.814947	-2.38542
0.865911	-2.37805
0.916904	-2.36958
0.967904	-2.36002
1.018886	-2.34937
1.069828	-2.33761
1.120706	-2.32476
1.171496	-2.31080
1.222174	-2.29574
1.272716	-2.27957
1.323098	-2.26229
1.373297	-2.24391
1.423287	-2.22442
1.473045	-2.20382
1.522546	-2.18212
1.571766	-2.15932
1.620681	-2.13542
1.669266	-2.11043
1.717498	-2.08434
1.765350	-2.05717
1.812801	-2.02891
1.859824	-1.99957
1.906397	-1.96916
1.952494	-1.93769
1.998092	-1.90515
2.043167	-1.87157
2.087695	-1.83694
2.131652	-1.80127
2.175015	-1.76458
2.217759	-1.72688
2.259862	-1.68816
2.301301	-1.64845
2.342052	-1.60776
2.382093	-1.56610
2.421401	-1.52347
2.459953	-1.47989
2.497727	-1.43539
2.534701	-1.38996
2.570854	-1.34362
2.606164	-1.29639
2.640610	-1.24828
2.674170	-1.19932
2.706825	-1.14951
2.738553	-1.09887
2.769335	-1.04742
2.799150	-0.99518
2.827980	-0.94216
2.855805	-0.88839
2.882607	-0.83387
2.908366	-0.77865
2.933066	-0.72272
2.956689	-0.66611
2.979216	-0.60885
3.000633	-0.55096
3.020921	-0.49245
3.040065	-0.43335
3.058049	-0.37367
3.074859	-0.31346
3.090480	-0.25272
3.104897	-0.19148
3.118097	-0.12976
3.130066	-0.06759
3.140792	-0.00500
3.150262	0.057994
3.158465	0.121367
3.165389	0.185092
3.171024	0.249142
3.175358	0.313491
3.178384	0.378112
3.180091	0.442980
3.180471	0.508066
3.179515	0.573344
3.177217	0.638787
3.173569	0.704366
3.168565	0.770054
3.162199	0.835822
3.154467	0.901643
3.145362	0.967488
3.134882	1.033328
3.123023	1.099135
3.109781	1.164879
3.095156	1.230532
3.079145	1.296065
3.061747	1.361447
3.042962	1.426651
3.022789	1.491646
3.001231	1.556403
2.978289	1.620893
2.953963	1.685085
2.928258	1.748951
2.901177	1.812461
2.872723	1.875585
2.842902	1.938294
2.811718	2.000558
2.779178	2.062348
2.745287	2.123634
2.710054	2.184387
2.673486	2.244577
2.635591	2.304176
2.596379	2.363155
2.555859	2.421484
2.514042	2.479135
2.470938	2.536079
2.426560	2.592288
2.380919	2.647733
2.334028	2.702387
2.285901	2.756221
2.236551	2.809208
2.185994	2.861321
2.134245	2.912532
2.081320	2.962814
2.027235	3.012141
1.972007	3.060487
1.915654	3.107825
1.858195	3.154130
1.799647	3.199377
1.740031	3.243539
1.679367	3.286594
1.617675	3.328516
1.554976	3.369281
1.491292	3.408866
1.426645	3.447248
1.361057	3.484405
1.294553	3.520313
1.227156	3.554951
1.158889	3.588297
1.089779	3.620331
1.019849	3.651033
0.949127	3.680381
0.877637	3.708358
0.805407	3.734943
0.732464	3.760119
0.658836	3.783867
0.584550	3.806170
0.509635	3.827011
0.434119	3.846375
0.358032	3.864245
0.281404	3.880606
0.204265	3.895444
0.126644	3.908745
0.048573	3.920495
-0.02991	3.930682
-0.10879	3.939294
-0.18803	3.946319
-0.26758	3.951746
-0.34744	3.955566
-0.42755	3.957769
-0.50788	3.958346
-0.58841	3.957288
-0.66911	3.954589
-0.74992	3.950241
-0.83083	3.944239
-0.91180	3.936577
-0.99280	3.927249
-1.07378	3.916253
-1.15473	3.903585
-1.23559	3.889242
-1.31634	3.873222
-1.39694	3.855524
-1.47736	3.836148
-1.55756	3.815093
-1.63751	3.792362
-1.71718	3.767955
-1.79651	3.741875
-1.87549	3.714125
-1.95408	3.684709
-2.03224	3.653632
-2.10994	3.620899
-2.18714	3.586517
-2.26380	3.550491
-2.33990	3.512831
-2.41539	3.473544
-2.49024	3.432639
-2.56443	3.390126
-2.63790	3.346015
-2.71064	3.300319
-2.78260	3.253049
-2.85375	3.204218
-2.92406	3.153839
-2.99349	3.101926
-3.06201	3.048496
-3.12959	2.993562
-3.19620	2.937142
-3.26179	2.879252
-3.32635	2.819911
-3.38984	2.759137
-3.45222	2.696950
-3.51346	2.633368
-3.57355	2.568413
-3.63243	2.502106
-3.69009	2.434468
-3.74649	2.365523
-3.80161	2.295294
-3.85542	2.223804
-3.90788	2.151078
-3.95897	2.077141
-4.00867	2.002020
-4.05694	1.925739
-4.10376	1.848327
-4.14910	1.769811
-4.19294	1.690220
-4.23525	1.609581
-4.27601	1.527925
-4.31519	1.445280
-4.35277	1.361679
-4.38874	1.277151
-4.42306	1.191728
-4.45571	1.105442
-4.48668	1.018326
-4.51594	0.930413
-4.54348	0.841735
-4.56927	0.752328
-4.59330	0.662225
-4.61555	0.571461
-4.63600	0.480072
-4.65464	0.388093
-4.67145	0.295560
-4.68642	0.202510
-4.69953	0.108979
-4.71077	0.015005
-4.72012	-0.07937
-4.72759	-0.17412
-4.73314	-0.26920
-4.73678	-0.36457
-4.73850	-0.46019
-4.73828	-0.55603
-4.73612	-0.65204
-4.73201	-0.74819
-4.72594	-0.84443
-4.71792	-0.94073
-4.70793	-1.03704
-4.69596	-1.13334
-4.68203	-1.22956
-4.66613	-1.32568
-4.64824	-1.42166
-4.62838	-1.51745
-4.60655	-1.61301
-4.58274	-1.70831
-4.55696	-1.80329
-4.52921	-1.89793
-4.49949	-1.99218
-4.46781	-2.08599
-4.43417	-2.17934
-4.39859	-2.27217
-4.36106	-2.36445
-4.32159	-2.45613
-4.28020	-2.54718
-4.23690	-2.63755
-4.19168	-2.72721
-4.14457	-2.81612
-4.09558	-2.90422
-4.04472	-2.99150
-3.99201	-3.07789
-3.93745	-3.16337
-3.88107	-3.24790
-3.82288	-3.33144
-3.76290	-3.41395
-3.70114	-3.49538
-3.63763	-3.57571
-3.57238	-3.65490
-3.50542	-3.73290
-3.43676	-3.80968
-3.36644	-3.88521
-3.29446	-3.95944
-3.22086	-4.03235
-3.14566	-4.10389
-3.06888	-4.17403
-2.99055	-4.24275
-2.91070	-4.30999
-2.82935	-4.37574
-2.74654	-4.43995
-2.66229	-4.50260
-2.57662	-4.56365
-2.48958	-4.62307
-2.40119	-4.68083
-2.31149	-4.73690
-2.22050	-4.79125
-2.12826	-4.84386
-2.03480	-4.89469
-1.94016	-4.94371
-1.84437	-4.99090
-1.74747	-5.03624
-1.64949	-5.07969
-1.55047	-5.12123
-1.45045	-5.16084
-1.34946	-5.19849
-1.24755	-5.23417
-1.14474	-5.26784
-1.04109	-5.29950
-0.93663	-5.32911
-0.83140	-5.35665
-0.72545	-5.38212
-0.61880	-5.40549
-0.51152	-5.42674
-0.40363	-5.44585
-0.29517	-5.46282
-0.18621	-5.47763
-0.07676	-5.49025
0.033105	-5.50069
0.143365	-5.50893
0.253968	-5.51495
0.364868	-5.51874
0.476022	-5.52031
0.587384	-5.51963
0.698909	-5.51670
0.810551	-5.51151
0.922264	-5.50406
1.034003	-5.49434
1.145721	-5.48235
1.257373	-5.46809
1.368912	-5.45155
1.480291	-5.43273
1.591463	-5.41163
1.702383	-5.38826
1.813004	-5.36261
1.923278	-5.33469
2.033159	-5.30449
2.142600	-5.27204
2.251555	-5.23732
2.359977	-5.20035
2.467819	-5.16114
2.575034	-5.11968
2.681577	-5.07601
2.787401	-5.03011
2.892461	-4.98201
2.996709	-4.93171
3.100100	-4.87924
3.202589	-4.82459
3.304130	-4.76780
3.404678	-4.70887
3.504188	-4.64783
3.602616	-4.58468
3.699918	-4.51945
3.796049	-4.45217
3.890967	-4.38284
3.984627	-4.31149
4.076987	-4.23815
4.168004	-4.16283
4.257637	-4.08557
4.345844	-4.00638
4.432584	-3.92530
4.517816	-3.84235
4.601500	-3.75755
4.683596	-3.67095
4.764066	-3.58256
4.842871	-3.49242
4.919972	-3.40055
4.995333	-3.30700
5.068917	-3.21179
5.140687	-3.11496
5.210609	-3.01654
5.278646	-2.91657
5.344766	-2.81508
5.408934	-2.71211
5.471118	-2.60770
5.531286	-2.50188
5.589406	-2.39470
5.645448	-2.28620
5.699382	-2.17640
5.751179	-2.06537
5.800810	-1.95313
5.848250	-1.83973
5.893469	-1.72522
5.936444	-1.60963
5.977150	-1.49301
6.015561	-1.37540
6.051655	-1.25686
6.085410	-1.13742
6.116805	-1.01713
6.145818	-0.89604
6.172431	-0.77420
6.196625	-0.65165
6.218382	-0.52844
6.237686	-0.40463
6.254520	-0.28025
6.268871	-0.15536
6.280724	-0.03000
1.570796	-1.92367
1.580480	0.031613
1.589523	0.063614
1.597915	0.095990
1.605644	0.128726
1.612699	0.161809
1.619068	0.195226
1.624742	0.228961
1.629711	0.263001
1.633963	0.297331
1.637491	0.331935
1.640284	0.366799
1.642334	0.401906
1.643632	0.437241
1.644170	0.472788
1.643939	0.508530
1.642933	0.544450
1.641143	0.580533
1.638564	0.616760
1.635189	0.653115
1.631011	0.689580
1.626025	0.726138
1.620225	0.762770
1.613608	0.799460
1.606167	0.836188
1.597899	0.872936
1.588800	0.909686
1.578866	0.946419
1.568096	0.983117
1.556486	1.019760
1.544034	1.056331
1.530739	1.092808
1.516599	1.129174
1.501614	1.165410
1.485783	1.201495
1.469106	1.237410
1.451583	1.273137
1.433217	1.308655
1.414007	1.343945
1.393956	1.378987
1.373067	1.413762
1.351341	1.448250
1.328782	1.482432
1.305394	1.516288
1.281181	1.549798
1.256147	1.582944
1.230297	1.615704
1.203637	1.648061
1.176172	1.679995
1.147910	1.711485
1.118856	1.742515
1.089017	1.773063
1.058403	1.803111
1.027020	1.832641
0.994878	1.861633
0.961984	1.890069
0.928350	1.917930
0.893984	1.945199
0.858897	1.971856
0.823100	1.997885
0.786604	2.023267
0.749421	2.047984
0.711562	2.072020
0.673040	2.095356
0.633868	2.117977
0.594060	2.139866
0.553628	2.161006
0.512588	2.181380
0.470953	2.200974
0.428739	2.219770
0.385960	2.237755
0.342633	2.254913
0.298774	2.271229
0.254398	2.286688
0.209523	2.301277
0.164166	2.314982
0.118344	2.327789
0.072076	2.339686
0.025379	2.350659
-0.02172	2.360696
-0.06922	2.369785
-0.11709	2.377914
-0.16531	2.385073
-0.21387	2.391250
-0.26274	2.396435
-0.31190	2.400618
-0.36133	2.403789
-0.41102	2.405939
-0.46093	2.407060
-0.51106	2.407142
-0.56137	2.406179
-0.61184	2.404162
-0.66246	2.401085
-0.71319	2.396941
-0.76403	2.391724
-0.81494	2.385429
-0.86591	2.378051
-0.91690	2.369584
-0.96790	2.360026
-1.01888	2.349371
-1.06982	2.337618
-1.12070	2.324763
-1.17149	2.310805
-1.22217	2.295742
-1.27271	2.279572
-1.32309	2.262295
-1.37329	2.243912
-1.42328	2.224423
-1.47304	2.203828
-1.52254	2.182129
-1.57176	2.159329
-1.62068	2.135429
-1.66926	2.110434
-1.71749	2.084346
-1.76535	2.057171
-1.81280	2.028912
-1.85982	1.999574
-1.90639	1.969165
-1.95249	1.937690
-1.99809	1.905156
-2.04316	1.871570
-2.08769	1.836941
-2.13165	1.801277
-2.17501	1.764587
-2.21775	1.726880
-2.25986	1.688168
-2.30130	1.648459
-2.34205	1.607766
-2.38209	1.566100
-2.42140	1.523473
-2.45995	1.479899
-2.49772	1.435390
-2.53470	1.389960
-2.57085	1.343623
-2.60616	1.296394
-2.64061	1.248289
-2.67417	1.199323
-2.70682	1.149512
-2.73855	1.098873
-2.76933	1.047424
-2.79915	0.995181
-2.82798	0.942164
-2.85580	0.888390
-2.88260	0.833879
-2.90836	0.778650
-2.93306	0.722723
-2.95668	0.666119
-2.97921	0.608858
-3.00063	0.550962
-3.02092	0.492452
-3.04006	0.433350
-3.05804	0.373679
-3.07485	0.313462
-3.09048	0.252721
-3.10489	0.191481
-3.11809	0.129764
-3.13006	0.067596
-3.14079	0.005002
-3.15026	-0.05799
-3.15846	-0.12136
-3.16538	-0.18509
-3.17102	-0.24914
-3.17535	-0.31349
-3.17838	-0.37811
-3.18009	-0.44298
-3.18047	-0.50806
-3.17951	-0.57334
-3.17721	-0.63878
-3.17356	-0.70436
-3.16856	-0.77005
-3.16219	-0.83582
-3.15446	-0.90164
-3.14536	-0.96748
-3.13488	-1.03332
-3.12302	-1.09913
-3.10978	-1.16487
-3.09515	-1.23053
-3.07914	-1.29606
-3.06174	-1.36144
-3.04296	-1.42665
-3.02278	-1.49164
-3.00123	-1.55640
-2.97828	-1.62089
-2.95396	-1.68508
-2.92825	-1.74895
-2.90117	-1.81246
-2.87272	-1.87558
-2.84290	-1.93829
-2.81171	-2.00055
-2.77917	-2.06234
-2.74528	-2.12363
-2.71005	-2.18438
-2.67348	-2.24457
-2.63559	-2.30417
-2.59637	-2.36315
-2.55585	-2.42148
-2.51404	-2.47913
-2.47093	-2.53607
-2.42656	-2.59228
-2.38091	-2.64773
-2.33402	-2.70238
-2.28590	-2.75622
-2.23655	-2.80920
-2.18599	-2.86132
-2.13424	-2.91253
-2.08132	-2.96281
-2.02723	-3.01214
-1.97200	-3.06048
-1.91565	-3.10782
-1.85819	-3.15413
-1.79964	-3.19937
-1.74003	-3.24353
-1.67936	-3.28659
-1.61767	-3.32851
-1.55497	-3.36928
-1.49129	-3.40886
-1.42664	-3.44724
-1.36105	-3.48440
-1.29455	-3.52031
-1.22715	-3.55495
-1.15888	-3.58829
-1.08977	-3.62033
-1.01984	-3.65103
-0.94912	-3.68038
-0.87763	-3.70835
-0.80540	-3.73494
-0.73246	-3.76011
-0.65883	-3.78386
-0.58455	-3.80617
-0.50963	-3.82701
-0.43411	-3.84637
-0.35803	-3.86424
-0.28140	-3.88060
-0.20426	-3.89544
-0.12664	-3.90874
-0.04857	-3.92049
0.029917	-3.93068
0.108795	-3.93929
0.188030	-3.94631
0.267589	-3.95174
0.347440	-3.95556
0.427551	-3.95776
0.507888	-3.95834
0.588419	-3.95728
0.669110	-3.95458
0.749928	-3.95024
0.830839	-3.94423
0.911808	-3.93657
0.992803	-3.92724
1.073789	-3.91625
1.154730	-3.90358
1.235594	-3.88924
1.316344	-3.87322
1.396947	-3.85552
1.477367	-3.83614
1.557569	-3.81509
1.637518	-3.79236
1.717180	-3.76795
1.796519	-3.74187
1.875499	-3.71412
1.954087	-3.68470
2.032246	-3.65363
2.109943	-3.62089
2.187140	-3.58651
2.263805	-3.55049
2.339901	-3.51283
2.415394	-3.47354
2.490249	-3.43263
2.564432	-3.39012
2.637908	-3.34601
2.710644	-3.30031
2.782604	-3.25304
2.853755	-3.20421
2.924063	-3.15383
2.993495	-3.10192
3.062017	-3.04849
3.129597	-2.99356
3.196202	-2.93714
3.261798	-2.87925
3.326355	-2.81991
3.389840	-2.75913
3.452221	-2.69695
3.513468	-2.63336
3.573550	-2.56841
3.632435	-2.50210
3.690095	-2.43446
3.746498	-2.36552
3.801617	-2.29529
3.855422	-2.22380
3.907885	-2.15107
3.958977	-2.07714
4.008672	-2.00202
4.056941	-1.92573
4.103760	-1.84832
4.149102	-1.76981
4.192941	-1.69022
4.235252	-1.60958
4.276011	-1.52792
4.315195	-1.44528
4.352779	-1.36167
4.388742	-1.27715
4.423062	-1.19172
4.455716	-1.10544
4.486684	-1.01832
4.515946	-0.93041
4.543483	-0.84173
4.569275	-0.75232
4.593304	-0.66222
4.615553	-0.57146
4.636006	-0.48007
4.654645	-0.38809
4.671455	-0.29556
4.686422	-0.20251
4.699532	-0.10897
4.710772	-0.01500
4.720128	0.079374
4.727590	0.174123
4.733146	0.269202
4.736787	0.364572
4.738502	0.460195
4.738282	0.556032
4.736121	0.652044
4.732012	0.748191
4.725946	0.844435
4.717921	0.940734
4.707930	1.037049
4.695969	1.133340
4.682037	1.229567
4.666130	1.325688
4.648248	1.421664
4.628389	1.517454
4.606554	1.613017
4.582745	1.708312
4.556963	1.803299
4.529211	1.897936
4.499493	1.992184
4.467813	2.085999
4.434177	2.179344
4.398591	2.272175
4.361061	2.364453
4.321597	2.456136
4.280207	2.547185
4.236900	2.637559
4.191687	2.727218
4.144579	2.816120
4.095589	2.904228
4.044729	2.991500
3.992014	3.077897
3.937457	3.163379
3.881075	3.247908
3.822884	3.331445
3.762901	3.413950
3.701145	3.495387
3.637633	3.575716
3.572386	3.654900
3.505424	3.732901
3.436768	3.809684
3.366440	3.885210
3.294464	3.959445
3.220863	4.032351
3.145660	4.103894
3.068882	4.174039
2.990555	4.242752
2.910704	4.309998
2.829357	4.375743
2.746543	4.439956
2.662290	4.502603
2.576628	4.563653
2.489587	4.623074
2.401198	4.680835
2.311493	4.736907
2.220504	4.791259
2.128264	4.843863
2.034806	4.894691
1.940165	4.943714
1.844375	4.990906
1.747473	5.036241
1.649494	5.079692
1.550475	5.121234
1.450452	5.160845
1.349465	5.198499
1.247551	5.234174
1.144748	5.267849
1.041097	5.299501
0.936637	5.329111
0.831408	5.356658
0.725451	5.382124
0.618808	5.405491
0.511520	5.426741
0.403630	5.445858
0.295179	5.462827
0.186210	5.477632
0.076767	5.490259
-0.03310	5.500696
-0.14336	5.508931
-0.25396	5.514951
-0.36486	5.518747
-0.47602	5.520310
-0.58738	5.519630
-0.69890	5.516700
-0.81055	5.511513
-0.92226	5.504063
-1.03400	5.494346
-1.14572	5.482357
-1.25737	5.468093
-1.36891	5.451553
-1.48029	5.432734
-1.59146	5.411638
-1.70238	5.388264
-1.81300	5.362614
-1.92327	5.334691
-2.03315	5.304499
-2.14260	5.272041
-2.25155	5.237325
-2.35997	5.200356
-2.46781	5.161141
-2.57503	5.119689
-2.68157	5.076010
-2.78740	5.030114
-2.89246	4.982011
-2.99670	4.931716
-3.10010	4.879240
-3.20258	4.824597
-3.30413	4.767804
-3.40467	4.708876
-3.50418	4.647830
-3.60261	4.584685
-3.69991	4.519458
-3.79604	4.452170
-3.89096	4.382842
-3.98462	4.311495
-4.07698	4.238153
-4.16800	4.162837
-4.25763	4.085574
-4.34584	4.006388
-4.43258	3.925305
-4.51781	3.842353
-4.60150	3.757559
-4.68359	3.670953
-4.76406	3.582563
-4.84287	3.492421
-4.91997	3.400557
-4.99533	3.307004
-5.06891	3.211795
-5.14068	3.114964
-5.21060	3.016544
-5.27864	2.916572
-5.34476	2.815083
-5.40893	2.712114
-5.47111	2.607702
-5.53128	2.501887
-5.58940	2.394706
-5.64544	2.286200
-5.69938	2.176409
-5.75117	2.065374
-5.80081	1.953136
-5.84825	1.839737
-5.89346	1.725222
-5.93644	1.609632
-5.97715	1.493012
-6.01556	1.375408
-6.05165	1.256863
-6.08541	1.137424
-6.11680	1.017137
-6.14581	0.896048
-6.17243	0.774205
-6.19662	0.651656
-6.21838	0.528448
-6.23768	0.404630
-6.25452	0.280252
-6.26887	0.155361
-6.28072	0.030009